newspaper,person,name_variation,page_number,date,url,previous page
estadao,Carlos Fernando da Costa Almeida de Paiva Nascimento,Carlos+Nascimento,250,"26/05/2012, SÁBADO, PÁGINA a2",https://acervo.estadao.com.br/pagina/#!/20120526-43320-spo-1-opi-a2-not/busca/NASCIMENTO,https://acervo.estadao.com.br/procura/busca.php?&busca=Carlos+Nascimento&decade=2010%7C2010&page=250
estadao,Carlos Fernando da Costa Almeida de Paiva Nascimento,Carlos+Nascimento,250,"08/07/2012, DOMINGO, PÁGINA c8",https://acervo.estadao.com.br/pagina/#!/20120708-43363-nac-42-cid-c8-not/busca/Nascimento,https://acervo.estadao.com.br/procura/busca.php?&busca=Carlos+Nascimento&decade=2010%7C2010&page=250
estadao,Carlos Fernando da Costa Almeida de Paiva Nascimento,Carlos+Nascimento,250,"26/05/2012, SÁBADO, PÁGINA a2",https://acervo.estadao.com.br/pagina/#!/20120526-43320-nac-1-opi-a2-not/busca/NASCIMENTO,https://acervo.estadao.com.br/procura/busca.php?&busca=Carlos+Nascimento&decade=2010%7C2010&page=250
estadao,Carlos Fernando da Costa Almeida de Paiva Nascimento,Carlos+Nascimento,250,"10/04/2015, SEXTA-FEIRA, PÁGINA a14",https://acervo.estadao.com.br/pagina/#!/20150410-44369-nac-14-mrt-a14-not/busca/Nascimento,https://acervo.estadao.com.br/procura/busca.php?&busca=Carlos+Nascimento&decade=2010%7C2010&page=250
estadao,Carlos Fernando da Costa Almeida de Paiva Nascimento,Carlos+Nascimento,250,"10/04/2015, SEXTA-FEIRA, PÁGINA a14",https://acervo.estadao.com.br/pagina/#!/20150410-44369-spo-14-mrt-a14-not/busca/Nascimento,https://acervo.estadao.com.br/procura/busca.php?&busca=Carlos+Nascimento&decade=2010%7C2010&page=250
estadao,Carlos Fernando da Costa Almeida de Paiva Nascimento,Carlos+Nascimento,250,"22/08/2014, SEXTA-FEIRA, PÁGINA a1",https://acervo.estadao.com.br/pagina/#!/20140822-44138-spo-1-pri-a1-not/busca/Nascimento,https://acervo.estadao.com.br/procura/busca.php?&busca=Carlos+Nascimento&decade=2010%7C2010&page=250
estadao,Carlos Fernando da Costa Almeida de Paiva Nascimento,Carlos+Nascimento,250,"30/01/2016, SÁBADO, PÁGINA a21",https://acervo.estadao.com.br/pagina/#!/20160130-44664-spo-20-mrt-a21-not/busca/Nascimento,https://acervo.estadao.com.br/procura/busca.php?&busca=Carlos+Nascimento&decade=2010%7C2010&page=250
estadao,Carlos Fernando da Costa Almeida de Paiva Nascimento,Carlos+Nascimento,250,"14/06/2014, SÁBADO, PÁGINA c8",https://acervo.estadao.com.br/pagina/#!/20140614-44069-nac-40-cd2-c8-not/busca/Nascimento,https://acervo.estadao.com.br/procura/busca.php?&busca=Carlos+Nascimento&decade=2010%7C2010&page=250
estadao,Carlos Fernando da Costa Almeida de Paiva Nascimento,Carlos+Nascimento,250,"14/06/2014, SÁBADO, PÁGINA c8",https://acervo.estadao.com.br/pagina/#!/20140614-44069-spo-40-cd2-c8-not/busca/Nascimento,https://acervo.estadao.com.br/procura/busca.php?&busca=Carlos+Nascimento&decade=2010%7C2010&page=250
estadao,Carlos Fernando da Costa Almeida de Paiva Nascimento,Carlos+Nascimento,251,"15/02/2017, QUARTA-FEIRA, PÁGINA a9",https://acervo.estadao.com.br/pagina/#!/20170215-45046-nac-9-pol-a9-not/busca/nascimento,https://acervo.estadao.com.br/procura/busca.php?&busca=Carlos+Nascimento&decade=2010%7C2010&page=251
estadao,Carlos Fernando da Costa Almeida de Paiva Nascimento,Carlos+Nascimento,251,"05/04/2016, TERÇA-FEIRA, PÁGINA a16",https://acervo.estadao.com.br/pagina/#!/20160405-44730-spo-15-mrt-a16-not/busca/Nascimento,https://acervo.estadao.com.br/procura/busca.php?&busca=Carlos+Nascimento&decade=2010%7C2010&page=251
estadao,Carlos Fernando da Costa Almeida de Paiva Nascimento,Carlos+Nascimento,251,"12/06/2018, TERÇA-FEIRA, PÁGINA c5",https://acervo.estadao.com.br/pagina/#!/20180612-45528-nac-30-cd2-c5-not/busca/Nascimento,https://acervo.estadao.com.br/procura/busca.php?&busca=Carlos+Nascimento&decade=2010%7C2010&page=251
estadao,Carlos Fernando da Costa Almeida de Paiva Nascimento,Carlos+Nascimento,251,"12/06/2018, TERÇA-FEIRA, PÁGINA b3",https://acervo.estadao.com.br/pagina/#!/20180612-45528-nac-19-eco-b3-not/busca/Nascimento,https://acervo.estadao.com.br/procura/busca.php?&busca=Carlos+Nascimento&decade=2010%7C2010&page=251
estadao,Carlos Fernando da Costa Almeida de Paiva Nascimento,Carlos+Nascimento,251,"12/06/2018, TERÇA-FEIRA, PÁGINA c5",https://acervo.estadao.com.br/pagina/#!/20180612-45528-spo-30-cd2-c5-not/busca/Nascimento,https://acervo.estadao.com.br/procura/busca.php?&busca=Carlos+Nascimento&decade=2010%7C2010&page=251
estadao,Carlos Fernando da Costa Almeida de Paiva Nascimento,Carlos+Nascimento,251,"12/06/2018, TERÇA-FEIRA, PÁGINA b3",https://acervo.estadao.com.br/pagina/#!/20180612-45528-spo-19-eco-b3-not/busca/Nascimento,https://acervo.estadao.com.br/procura/busca.php?&busca=Carlos+Nascimento&decade=2010%7C2010&page=251
estadao,Carlos Fernando da Costa Almeida de Paiva Nascimento,Carlos+Nascimento,251,"30/09/2016, SEXTA-FEIRA, PÁGINA c9",https://acervo.estadao.com.br/pagina/#!/20160930-44908-nac-49-cd2-c9-not/busca/Nascimento,https://acervo.estadao.com.br/procura/busca.php?&busca=Carlos+Nascimento&decade=2010%7C2010&page=251
estadao,Carlos Fernando da Costa Almeida de Paiva Nascimento,Carlos+Nascimento,251,"30/09/2016, SEXTA-FEIRA, PÁGINA c9",https://acervo.estadao.com.br/pagina/#!/20160930-44908-spo-49-cd2-c9-not/busca/Nascimento,https://acervo.estadao.com.br/procura/busca.php?&busca=Carlos+Nascimento&decade=2010%7C2010&page=251
estadao,Carlos Fernando da Costa Almeida de Paiva Nascimento,Carlos+Nascimento,251,"30/09/2016, SEXTA-FEIRA, PÁGINA c9",https://acervo.estadao.com.br/pagina/#!/20160930-44908-spo-48-cd2-c9-not/busca/Nascimento,https://acervo.estadao.com.br/procura/busca.php?&busca=Carlos+Nascimento&decade=2010%7C2010&page=251
estadao,Carlos Fernando da Costa Almeida de Paiva Nascimento,Carlos+Nascimento,251,"30/09/2016, SEXTA-FEIRA, PÁGINA c9",https://acervo.estadao.com.br/pagina/#!/20160930-44908-nac-48-cd2-c9-not/busca/Nascimento,https://acervo.estadao.com.br/procura/busca.php?&busca=Carlos+Nascimento&decade=2010%7C2010&page=251
estadao,Carlos Fernando da Costa Almeida de Paiva Nascimento,Carlos+Nascimento,252,"14/11/2018, QUARTA-FEIRA, PÁGINA b5",https://acervo.estadao.com.br/pagina/#!/20181114-45683-spo-24-eco-b5-not/busca/Nascimento,https://acervo.estadao.com.br/procura/busca.php?&busca=Carlos+Nascimento&decade=2010%7C2010&page=252
estadao,Carlos Fernando da Costa Almeida de Paiva Nascimento,Carlos+Nascimento,252,"24/08/2017, QUINTA-FEIRA, PÁGINA a22",https://acervo.estadao.com.br/pagina/#!/20170824-45236-nac-21-esp-a22-not/busca/nascimento,https://acervo.estadao.com.br/procura/busca.php?&busca=Carlos+Nascimento&decade=2010%7C2010&page=252
estadao,Carlos Fernando da Costa Almeida de Paiva Nascimento,Carlos+Nascimento,252,"24/08/2017, QUINTA-FEIRA, PÁGINA a22",https://acervo.estadao.com.br/pagina/#!/20170824-45236-spo-21-esp-a22-not/busca/nascimento,https://acervo.estadao.com.br/procura/busca.php?&busca=Carlos+Nascimento&decade=2010%7C2010&page=252
estadao,Carlos Fernando da Costa Almeida de Paiva Nascimento,Carlos+Nascimento,252,"27/11/2018, TERÇA-FEIRA, PÁGINA c5",https://acervo.estadao.com.br/pagina/#!/20181127-45696-nac-34-cd2-c5-not/busca/nascimento,https://acervo.estadao.com.br/procura/busca.php?&busca=Carlos+Nascimento&decade=2010%7C2010&page=252
estadao,Carlos Fernando da Costa Almeida de Paiva Nascimento,Carlos+Nascimento,252,"27/11/2018, TERÇA-FEIRA, PÁGINA c5",https://acervo.estadao.com.br/pagina/#!/20181127-45696-spo-34-cd2-c5-not/busca/nascimento,https://acervo.estadao.com.br/procura/busca.php?&busca=Carlos+Nascimento&decade=2010%7C2010&page=252
estadao,Carlos Fernando da Costa Almeida de Paiva Nascimento,Carlos+Nascimento,252,"04/09/2017, SEGUNDA-FEIRA, PÁGINA a15",https://acervo.estadao.com.br/pagina/#!/20170904-45247-spo-15-mrt-a15-not/busca/NASCIMENTO,https://acervo.estadao.com.br/procura/busca.php?&busca=Carlos+Nascimento&decade=2010%7C2010&page=252
estadao,Carlos Fernando da Costa Almeida de Paiva Nascimento,Carlos+Nascimento,252,"04/09/2017, SEGUNDA-FEIRA, PÁGINA a15",https://acervo.estadao.com.br/pagina/#!/20170904-45247-nac-15-mrt-a15-not/busca/NASCIMENTO,https://acervo.estadao.com.br/procura/busca.php?&busca=Carlos+Nascimento&decade=2010%7C2010&page=252
estadao,Carlos Fernando da Costa Almeida de Paiva Nascimento,Carlos+Nascimento,252,"22/10/2018, SEGUNDA-FEIRA, PÁGINA b4",https://acervo.estadao.com.br/pagina/#!/20181022-45660-spo-22-eco-b4-not/busca/Nascimento,https://acervo.estadao.com.br/procura/busca.php?&busca=Carlos+Nascimento&decade=2010%7C2010&page=252
estadao,Carlos Fernando da Costa Almeida de Paiva Nascimento,Carlos+Nascimento,252,"22/10/2018, SEGUNDA-FEIRA, PÁGINA b4",https://acervo.estadao.com.br/pagina/#!/20181022-45660-nac-22-eco-b4-not/busca/Nascimento,https://acervo.estadao.com.br/procura/busca.php?&busca=Carlos+Nascimento&decade=2010%7C2010&page=252
estadao,Carlos Fernando da Costa Almeida de Paiva Nascimento,Carlos+Nascimento,252,"05/11/2018, SEGUNDA-FEIRA, PÁGINA c3",https://acervo.estadao.com.br/pagina/#!/20181105-45674-spo-29-cd2-c3-not/busca/Nascimento,https://acervo.estadao.com.br/procura/busca.php?&busca=Carlos+Nascimento&decade=2010%7C2010&page=252
estadao,Carlos Fernando da Costa Almeida de Paiva Nascimento,Carlos+Nascimento,253,"13/07/2015, SEGUNDA-FEIRA, PÁGINA b4",https://acervo.estadao.com.br/pagina/#!/20150713-44463-spo-20-eco-b4-not/busca/NASCIMENTO,https://acervo.estadao.com.br/procura/busca.php?&busca=Carlos+Nascimento&decade=2010%7C2010&page=253
estadao,Carlos Fernando da Costa Almeida de Paiva Nascimento,Carlos+Nascimento,253,"13/07/2015, SEGUNDA-FEIRA, PÁGINA b4",https://acervo.estadao.com.br/pagina/#!/20150713-44463-nac-20-eco-b4-not/busca/NASCIMENTO,https://acervo.estadao.com.br/procura/busca.php?&busca=Carlos+Nascimento&decade=2010%7C2010&page=253
estadao,Carlos Fernando da Costa Almeida de Paiva Nascimento,Carlos+Nascimento,253,"12/07/2015, DOMINGO, PÁGINA co08",https://acervo.estadao.com.br/pagina/#!/20150712-44462-spo-84-opr-co08-not/busca/Nascimento,https://acervo.estadao.com.br/procura/busca.php?&busca=Carlos+Nascimento&decade=2010%7C2010&page=253
estadao,Carlos Fernando da Costa Almeida de Paiva Nascimento,Carlos+Nascimento,253,"10/07/2015, SEXTA-FEIRA, PÁGINA a3",https://acervo.estadao.com.br/pagina/#!/20150710-44460-nac-3-edi-a3-not/busca/nascimento,https://acervo.estadao.com.br/procura/busca.php?&busca=Carlos+Nascimento&decade=2010%7C2010&page=253
estadao,Carlos Fernando da Costa Almeida de Paiva Nascimento,Carlos+Nascimento,253,"12/07/2015, DOMINGO, PÁGINA co08",https://acervo.estadao.com.br/pagina/#!/20150712-44462-nac-84-opr-co08-not/busca/Nascimento,https://acervo.estadao.com.br/procura/busca.php?&busca=Carlos+Nascimento&decade=2010%7C2010&page=253
estadao,Carlos Fernando da Costa Almeida de Paiva Nascimento,Carlos+Nascimento,253,"12/07/2015, DOMINGO, PÁGINA co08",https://acervo.estadao.com.br/pagina/#!/20150712-44462-nac-86-opr-co08-not/busca/Nascimento,https://acervo.estadao.com.br/procura/busca.php?&busca=Carlos+Nascimento&decade=2010%7C2010&page=253
estadao,Carlos Fernando da Costa Almeida de Paiva Nascimento,Carlos+Nascimento,253,"12/07/2015, DOMINGO, PÁGINA co08",https://acervo.estadao.com.br/pagina/#!/20150712-44462-spo-86-opr-co08-not/busca/Nascimento,https://acervo.estadao.com.br/procura/busca.php?&busca=Carlos+Nascimento&decade=2010%7C2010&page=253
estadao,Carlos Fernando da Costa Almeida de Paiva Nascimento,Carlos+Nascimento,253,"10/07/2015, SEXTA-FEIRA, PÁGINA a3",https://acervo.estadao.com.br/pagina/#!/20150710-44460-spo-3-edi-a3-not/busca/nascimento,https://acervo.estadao.com.br/procura/busca.php?&busca=Carlos+Nascimento&decade=2010%7C2010&page=253
estadao,Carlos Fernando da Costa Almeida de Paiva Nascimento,Carlos+Nascimento,253,"11/07/2018, QUARTA-FEIRA, PÁGINA a3",https://acervo.estadao.com.br/pagina/#!/20180711-45557-spo-3-edi-a3-not/busca/NASCIMENTO,https://acervo.estadao.com.br/procura/busca.php?&busca=Carlos+Nascimento&decade=2010%7C2010&page=253
estadao,Carlos Fernando da Costa Almeida de Paiva Nascimento,Carlos+Nascimento,253,"11/07/2018, QUARTA-FEIRA, PÁGINA a3",https://acervo.estadao.com.br/pagina/#!/20180711-45557-nac-3-edi-a3-not/busca/NASCIMENTO,https://acervo.estadao.com.br/procura/busca.php?&busca=Carlos+Nascimento&decade=2010%7C2010&page=253
estadao,Carlos Fernando da Costa Almeida de Paiva Nascimento,Carlos+Nascimento,254,"11/04/2017, TERÇA-FEIRA, PÁGINA a3",https://acervo.estadao.com.br/pagina/#!/20170411-45101-nac-3-edi-a3-not/busca/nascimento,https://acervo.estadao.com.br/procura/busca.php?&busca=Carlos+Nascimento&decade=2010%7C2010&page=254
estadao,Carlos Fernando da Costa Almeida de Paiva Nascimento,Carlos+Nascimento,254,"11/04/2017, TERÇA-FEIRA, PÁGINA a3",https://acervo.estadao.com.br/pagina/#!/20170411-45101-spo-3-edi-a3-not/busca/nascimento,https://acervo.estadao.com.br/procura/busca.php?&busca=Carlos+Nascimento&decade=2010%7C2010&page=254
estadao,Carlos Fernando da Costa Almeida de Paiva Nascimento,Carlos+Nascimento,254,"30/07/2018, SEGUNDA-FEIRA, PÁGINA a16",https://acervo.estadao.com.br/pagina/#!/20180730-45576-nac-16-esp-a16-not/busca/Nascimento,https://acervo.estadao.com.br/procura/busca.php?&busca=Carlos+Nascimento&decade=2010%7C2010&page=254
estadao,Carlos Fernando da Costa Almeida de Paiva Nascimento,Carlos+Nascimento,254,"30/07/2018, SEGUNDA-FEIRA, PÁGINA a16",https://acervo.estadao.com.br/pagina/#!/20180730-45576-spo-16-esp-a16-not/busca/Nascimento,https://acervo.estadao.com.br/procura/busca.php?&busca=Carlos+Nascimento&decade=2010%7C2010&page=254
estadao,Carlos Fernando da Costa Almeida de Paiva Nascimento,Carlos+Nascimento,254,"14/04/2017, SEXTA-FEIRA, PÁGINA a2",https://acervo.estadao.com.br/pagina/#!/20170414-45104-nac-2-opi-a2-not/busca/nascimento,https://acervo.estadao.com.br/procura/busca.php?&busca=Carlos+Nascimento&decade=2010%7C2010&page=254
estadao,Carlos Fernando da Costa Almeida de Paiva Nascimento,Carlos+Nascimento,254,"14/04/2017, SEXTA-FEIRA, PÁGINA a2",https://acervo.estadao.com.br/pagina/#!/20170414-45104-spo-2-opi-a2-not/busca/nascimento,https://acervo.estadao.com.br/procura/busca.php?&busca=Carlos+Nascimento&decade=2010%7C2010&page=254
estadao,Carlos Fernando da Costa Almeida de Paiva Nascimento,Carlos+Nascimento,254,"18/04/2013, QUINTA-FEIRA, PÁGINA b12",https://acervo.estadao.com.br/pagina/#!/20130418-43647-nac-36-eco-b12-not/busca/NASCIMENTO,https://acervo.estadao.com.br/procura/busca.php?&busca=Carlos+Nascimento&decade=2010%7C2010&page=254
estadao,Carlos Fernando da Costa Almeida de Paiva Nascimento,Carlos+Nascimento,254,"18/04/2013, QUINTA-FEIRA, PÁGINA b13",https://acervo.estadao.com.br/pagina/#!/20130418-43647-spo-37-eco-b13-not/busca/NASCIMENTO,https://acervo.estadao.com.br/procura/busca.php?&busca=Carlos+Nascimento&decade=2010%7C2010&page=254
estadao,Carlos Fernando da Costa Almeida de Paiva Nascimento,Carlos+Nascimento,254,"09/04/2017, DOMINGO, PÁGINA c4",https://acervo.estadao.com.br/pagina/#!/20170409-45099-nac-41-cd2-c4-not/busca/nascimento,https://acervo.estadao.com.br/procura/busca.php?&busca=Carlos+Nascimento&decade=2010%7C2010&page=254
estadao,Carlos Fernando da Costa Almeida de Paiva Nascimento,Carlos+Nascimento,254,"09/04/2017, DOMINGO, PÁGINA c4",https://acervo.estadao.com.br/pagina/#!/20170409-45099-spo-41-cd2-c4-not/busca/nascimento,https://acervo.estadao.com.br/procura/busca.php?&busca=Carlos+Nascimento&decade=2010%7C2010&page=254
estadao,Carlos Fernando da Costa Almeida de Paiva Nascimento,Carlos+Nascimento,255,"15/05/2015, SEXTA-FEIRA, PÁGINA b14",https://acervo.estadao.com.br/pagina/#!/20150515-44404-nac-33-eco-b14-not/busca/NASCIMENTO,https://acervo.estadao.com.br/procura/busca.php?&busca=Carlos+Nascimento&decade=2010%7C2010&page=255
estadao,Carlos Fernando da Costa Almeida de Paiva Nascimento,Carlos+Nascimento,255,"17/05/2015, DOMINGO, PÁGINA co10",https://acervo.estadao.com.br/pagina/#!/20150517-44406-nac-98-opr-co10-not/busca/Nascimento,https://acervo.estadao.com.br/procura/busca.php?&busca=Carlos+Nascimento&decade=2010%7C2010&page=255
estadao,Carlos Fernando da Costa Almeida de Paiva Nascimento,Carlos+Nascimento,255,"15/05/2015, SEXTA-FEIRA, PÁGINA b14",https://acervo.estadao.com.br/pagina/#!/20150515-44404-spo-33-eco-b14-not/busca/NASCIMENTO,https://acervo.estadao.com.br/procura/busca.php?&busca=Carlos+Nascimento&decade=2010%7C2010&page=255
estadao,Carlos Fernando da Costa Almeida de Paiva Nascimento,Carlos+Nascimento,255,"30/09/2015, QUARTA-FEIRA, PÁGINA b5",https://acervo.estadao.com.br/pagina/#!/20150930-44542-spo-24-eco-b5-not/busca/nascimento,https://acervo.estadao.com.br/procura/busca.php?&busca=Carlos+Nascimento&decade=2010%7C2010&page=255
estadao,Carlos Fernando da Costa Almeida de Paiva Nascimento,Carlos+Nascimento,255,"30/09/2015, QUARTA-FEIRA, PÁGINA b5",https://acervo.estadao.com.br/pagina/#!/20150930-44542-nac-24-eco-b5-not/busca/nascimento,https://acervo.estadao.com.br/procura/busca.php?&busca=Carlos+Nascimento&decade=2010%7C2010&page=255
estadao,Carlos Fernando da Costa Almeida de Paiva Nascimento,Carlos+Nascimento,255,"10/12/2018, SEGUNDA-FEIRA, PÁGINA c6",https://acervo.estadao.com.br/pagina/#!/20181210-45709-spo-37-cd2-c6-not/busca/nascimento,https://acervo.estadao.com.br/procura/busca.php?&busca=Carlos+Nascimento&decade=2010%7C2010&page=255
estadao,Carlos Fernando da Costa Almeida de Paiva Nascimento,Carlos+Nascimento,255,"10/12/2018, SEGUNDA-FEIRA, PÁGINA c6",https://acervo.estadao.com.br/pagina/#!/20181210-45709-nac-37-cd2-c6-not/busca/nascimento,https://acervo.estadao.com.br/procura/busca.php?&busca=Carlos+Nascimento&decade=2010%7C2010&page=255
estadao,Carlos Fernando da Costa Almeida de Paiva Nascimento,Carlos+Nascimento,255,"07/12/2018, SEXTA-FEIRA, PÁGINA q34",https://acervo.estadao.com.br/pagina/#!/20181207-45706-spo-73-gui-q34-not/busca/Nascimento,https://acervo.estadao.com.br/procura/busca.php?&busca=Carlos+Nascimento&decade=2010%7C2010&page=255
estadao,Carlos Fernando da Costa Almeida de Paiva Nascimento,Carlos+Nascimento,256,"07/12/2018, SEXTA-FEIRA, PÁGINA q34",https://acervo.estadao.com.br/pagina/#!/20181207-45706-nac-73-gui-q34-not/busca/Nascimento,https://acervo.estadao.com.br/procura/busca.php?&busca=Carlos+Nascimento&decade=2010%7C2010&page=256
estadao,Carlos Fernando da Costa Almeida de Paiva Nascimento,Carlos+Nascimento,256,"07/12/2018, SEXTA-FEIRA, PÁGINA b8",https://acervo.estadao.com.br/pagina/#!/20181207-45706-nac-27-eco-b8-not/busca/NASCIMENTO,https://acervo.estadao.com.br/procura/busca.php?&busca=Carlos+Nascimento&decade=2010%7C2010&page=256
estadao,Carlos Fernando da Costa Almeida de Paiva Nascimento,Carlos+Nascimento,256,"14/11/2018, QUARTA-FEIRA, PÁGINA b5",https://acervo.estadao.com.br/pagina/#!/20181114-45683-nac-24-eco-b5-not/busca/Nascimento,https://acervo.estadao.com.br/procura/busca.php?&busca=Carlos+Nascimento&decade=2010%7C2010&page=256
estadao,Carlos Fernando da Costa Almeida de Paiva Nascimento,Carlos+Nascimento,256,"04/10/2018, QUINTA-FEIRA, PÁGINA d3",https://acervo.estadao.com.br/pagina/#!/20181004-45642-nac-50-gui-d3-not/busca/nascimento,https://acervo.estadao.com.br/procura/busca.php?&busca=Carlos+Nascimento&decade=2010%7C2010&page=256
estadao,Carlos Fernando da Costa Almeida de Paiva Nascimento,Carlos+Nascimento,256,"04/10/2018, QUINTA-FEIRA, PÁGINA d3",https://acervo.estadao.com.br/pagina/#!/20181004-45642-spo-50-gui-d3-not/busca/nascimento,https://acervo.estadao.com.br/procura/busca.php?&busca=Carlos+Nascimento&decade=2010%7C2010&page=256
estadao,Carlos Fernando da Costa Almeida de Paiva Nascimento,Carlos+Nascimento,256,"08/10/2018, SEGUNDA-FEIRA, PÁGINA a18",https://acervo.estadao.com.br/pagina/#!/20181008-45646-spo-17-pol-a18-not,https://acervo.estadao.com.br/procura/busca.php?&busca=Carlos+Nascimento&decade=2010%7C2010&page=256
estadao,Carlos Fernando da Costa Almeida de Paiva Nascimento,Carlos+Nascimento,257,"05/11/2018, SEGUNDA-FEIRA, PÁGINA c3",https://acervo.estadao.com.br/pagina/#!/20181105-45674-nac-29-cd2-c3-not/busca/Nascimento,https://acervo.estadao.com.br/procura/busca.php?&busca=Carlos+Nascimento&decade=2010%7C2010&page=257
estadao,Carlos Fernando da Costa Almeida de Paiva Nascimento,Carlos+Nascimento,257,"08/02/2019, SEXTA-FEIRA, PÁGINA q16",https://acervo.estadao.com.br/pagina/#!/20190208-45769-spo-51-gui-q16-not/busca/nascimento,https://acervo.estadao.com.br/procura/busca.php?&busca=Carlos+Nascimento&decade=2010%7C2010&page=257
estadao,Carlos Fernando da Costa Almeida de Paiva Nascimento,Carlos+Nascimento,257,"08/02/2019, SEXTA-FEIRA, PÁGINA q16",https://acervo.estadao.com.br/pagina/#!/20190208-45769-nac-50-gui-q16-not/busca/nascimento,https://acervo.estadao.com.br/procura/busca.php?&busca=Carlos+Nascimento&decade=2010%7C2010&page=257
estadao,Carlos Fernando da Costa Almeida de Paiva Nascimento,Carlos+Nascimento,257,"30/08/2018, QUINTA-FEIRA, PÁGINA b13",https://acervo.estadao.com.br/pagina/#!/20180830-45607-spo-33-eco-b13-not/busca/Carlos+Nascimento,https://acervo.estadao.com.br/procura/busca.php?&busca=Carlos+Nascimento&decade=2010%7C2010&page=257
estadao,Carlos Fernando da Costa Almeida de Paiva Nascimento,Carlos+Nascimento,257,"30/08/2018, QUINTA-FEIRA, PÁGINA b13",https://acervo.estadao.com.br/pagina/#!/20180830-45607-nac-33-eco-b13-not/busca/Carlos+Nascimento,https://acervo.estadao.com.br/procura/busca.php?&busca=Carlos+Nascimento&decade=2010%7C2010&page=257
estadao,Carlos Fernando da Costa Almeida de Paiva Nascimento,Carlos+Nascimento,257,"15/02/2019, SEXTA-FEIRA, PÁGINA c8",https://acervo.estadao.com.br/pagina/#!/20190215-45776-nac-38-cd2-c8-not/busca/nascimento,https://acervo.estadao.com.br/procura/busca.php?&busca=Carlos+Nascimento&decade=2010%7C2010&page=257
estadao,Carlos Fernando da Costa Almeida de Paiva Nascimento,Carlos+Nascimento,257,"15/02/2019, SEXTA-FEIRA, PÁGINA c8",https://acervo.estadao.com.br/pagina/#!/20190215-45776-spo-46-cd2-c8-not/busca/nascimento,https://acervo.estadao.com.br/procura/busca.php?&busca=Carlos+Nascimento&decade=2010%7C2010&page=257
estadao,Carlos Fernando da Costa Almeida de Paiva Nascimento,Carlos+Nascimento,257,"28/02/2019, QUINTA-FEIRA, PÁGINA a8",https://acervo.estadao.com.br/pagina/#!/20190228-45789-spo-8-pol-a8-not/busca/Nascimento,https://acervo.estadao.com.br/procura/busca.php?&busca=Carlos+Nascimento&decade=2010%7C2010&page=257
estadao,Carlos Fernando da Costa Almeida de Paiva Nascimento,Carlos+Nascimento,258,"09/06/2012, SÁBADO, PÁGINA a2",https://acervo.estadao.com.br/pagina/#!/20120609-43334-spo-2-opi-a2-not/busca/NASCIMENTO,https://acervo.estadao.com.br/procura/busca.php?&busca=Carlos+Nascimento&decade=2010%7C2010&page=258
estadao,Carlos Fernando da Costa Almeida de Paiva Nascimento,Carlos+Nascimento,258,"06/06/2012, QUARTA-FEIRA, PÁGINA c4",https://acervo.estadao.com.br/pagina/#!/20120606-43331-nac-32-cid-c4-not/busca/Nascimento,https://acervo.estadao.com.br/procura/busca.php?&busca=Carlos+Nascimento&decade=2010%7C2010&page=258
estadao,Carlos Fernando da Costa Almeida de Paiva Nascimento,Carlos+Nascimento,258,"06/06/2012, QUARTA-FEIRA, PÁGINA c4",https://acervo.estadao.com.br/pagina/#!/20120606-43331-spo-35-cid-c4-not/busca/Nascimento,https://acervo.estadao.com.br/procura/busca.php?&busca=Carlos+Nascimento&decade=2010%7C2010&page=258
estadao,Carlos Fernando da Costa Almeida de Paiva Nascimento,Carlos+Nascimento,258,"26/07/2015, DOMINGO, PÁGINA co08",https://acervo.estadao.com.br/pagina/#!/20150726-44476-nac-100-opr-co08-not/busca/Nascimento,https://acervo.estadao.com.br/procura/busca.php?&busca=Carlos+Nascimento&decade=2010%7C2010&page=258
estadao,Carlos Fernando da Costa Almeida de Paiva Nascimento,Carlos+Nascimento,259,"20/01/2017, SEXTA-FEIRA, PÁGINA q50",https://acervo.estadao.com.br/pagina/#!/20170120-45020-spo-85-gui-q50-not/busca/Nascimento,https://acervo.estadao.com.br/procura/busca.php?&busca=Carlos+Nascimento&decade=2010%7C2010&page=259
estadao,Carlos Fernando da Costa Almeida de Paiva Nascimento,Carlos+Nascimento,259,"29/06/2019, SÁBADO, PÁGINA a24",https://acervo.estadao.com.br/pagina/#!/20190629-45910-nac-23-mrt-a24-not/busca/nascimento,https://acervo.estadao.com.br/procura/busca.php?&busca=Carlos+Nascimento&decade=2010%7C2010&page=259
estadao,Carlos Fernando da Costa Almeida de Paiva Nascimento,Carlos+Nascimento,259,"29/06/2019, SÁBADO, PÁGINA a24",https://acervo.estadao.com.br/pagina/#!/20190629-45910-spo-23-mrt-a24-not/busca/nascimento,https://acervo.estadao.com.br/procura/busca.php?&busca=Carlos+Nascimento&decade=2010%7C2010&page=259
estadao,Carlos Fernando da Costa Almeida de Paiva Nascimento,Carlos+Nascimento,259,"06/06/2019, QUINTA-FEIRA, PÁGINA b13",https://acervo.estadao.com.br/pagina/#!/20190606-45887-spo-37-eco-b13-not/busca/Nascimento,https://acervo.estadao.com.br/procura/busca.php?&busca=Carlos+Nascimento&decade=2010%7C2010&page=259
estadao,Carlos Fernando da Costa Almeida de Paiva Nascimento,Carlos+Nascimento,259,"06/06/2019, QUINTA-FEIRA, PÁGINA b13",https://acervo.estadao.com.br/pagina/#!/20190606-45887-nac-37-eco-b13-not/busca/Nascimento,https://acervo.estadao.com.br/procura/busca.php?&busca=Carlos+Nascimento&decade=2010%7C2010&page=259
estadao,Carlos Fernando da Costa Almeida de Paiva Nascimento,Carlos+Nascimento,259,"14/08/2019, QUARTA-FEIRA, PÁGINA c3",https://acervo.estadao.com.br/pagina/#!/20190814-45956-spo-33-cd2-c3-not/busca/Nascimento,https://acervo.estadao.com.br/procura/busca.php?&busca=Carlos+Nascimento&decade=2010%7C2010&page=259
estadao,Carlos Fernando da Costa Almeida de Paiva Nascimento,Carlos+Nascimento,260,"14/08/2019, QUARTA-FEIRA, PÁGINA c3",https://acervo.estadao.com.br/pagina/#!/20190814-45956-nac-33-cd2-c3-not/busca/Nascimento,https://acervo.estadao.com.br/procura/busca.php?&busca=Carlos+Nascimento&decade=2010%7C2010&page=260
estadao,Carlos Fernando da Costa Almeida de Paiva Nascimento,Carlos+Nascimento,260,"28/02/2019, QUINTA-FEIRA, PÁGINA a8",https://acervo.estadao.com.br/pagina/#!/20190228-45789-nac-8-pol-a8-not/busca/Nascimento,https://acervo.estadao.com.br/procura/busca.php?&busca=Carlos+Nascimento&decade=2010%7C2010&page=260
estadao,Carlos Fernando da Costa Almeida de Paiva Nascimento,Carlos+Nascimento,260,"12/03/2019, TERÇA-FEIRA, PÁGINA a2",https://acervo.estadao.com.br/pagina/#!/20190312-45801-nac-2-opi-a2-not,https://acervo.estadao.com.br/procura/busca.php?&busca=Carlos+Nascimento&decade=2010%7C2010&page=260
estadao,Carlos Fernando da Costa Almeida de Paiva Nascimento,Carlos+Nascimento,260,"12/03/2019, TERÇA-FEIRA, PÁGINA a2",https://acervo.estadao.com.br/pagina/#!/20190312-45801-spo-2-opi-a2-not,https://acervo.estadao.com.br/procura/busca.php?&busca=Carlos+Nascimento&decade=2010%7C2010&page=260
estadao,Carlos Fernando da Costa Almeida de Paiva Nascimento,Carlos+Nascimento,260,"04/04/2019, QUINTA-FEIRA, PÁGINA b6",https://acervo.estadao.com.br/pagina/#!/20190404-45824-nac-22-eco-b6-not/busca/Nascimento,https://acervo.estadao.com.br/procura/busca.php?&busca=Carlos+Nascimento&decade=2010%7C2010&page=260
estadao,Carlos Fernando da Costa Almeida de Paiva Nascimento,Carlos+Nascimento,260,"22/03/2019, SEXTA-FEIRA, PÁGINA q30",https://acervo.estadao.com.br/pagina/#!/20190322-45811-spo-71-gui-q30-not/busca/Nascimento,https://acervo.estadao.com.br/procura/busca.php?&busca=Carlos+Nascimento&decade=2010%7C2010&page=260
estadao,Carlos Fernando da Costa Almeida de Paiva Nascimento,Carlos+Nascimento,260,"22/03/2019, SEXTA-FEIRA, PÁGINA q30",https://acervo.estadao.com.br/pagina/#!/20190322-45811-nac-71-gui-q30-not/busca/Nascimento,https://acervo.estadao.com.br/procura/busca.php?&busca=Carlos+Nascimento&decade=2010%7C2010&page=260
estadao,Carlos Fernando da Costa Almeida de Paiva Nascimento,Carlos+Nascimento,260,"21/03/2019, QUINTA-FEIRA, PÁGINA c5",https://acervo.estadao.com.br/pagina/#!/20190321-45810-spo-45-cd2-c5-not/busca/nascimento,https://acervo.estadao.com.br/procura/busca.php?&busca=Carlos+Nascimento&decade=2010%7C2010&page=260
estadao,Carlos Fernando da Costa Almeida de Paiva Nascimento,Carlos+Nascimento,260,"21/03/2019, QUINTA-FEIRA, PÁGINA c5",https://acervo.estadao.com.br/pagina/#!/20190321-45810-nac-39-cd2-c5-not/busca/nascimento,https://acervo.estadao.com.br/procura/busca.php?&busca=Carlos+Nascimento&decade=2010%7C2010&page=260
estadao,Carlos Fernando da Costa Almeida de Paiva Nascimento,Carlos+Nascimento,261,"06/05/2019, SEGUNDA-FEIRA, PÁGINA a2",https://acervo.estadao.com.br/pagina/#!/20190506-45856-nac-2-opi-a2-not/busca/nascimento,https://acervo.estadao.com.br/procura/busca.php?&busca=Carlos+Nascimento&decade=2010%7C2010&page=261
estadao,Carlos Fernando da Costa Almeida de Paiva Nascimento,Carlos+Nascimento,261,"06/05/2019, SEGUNDA-FEIRA, PÁGINA a6",https://acervo.estadao.com.br/pagina/#!/20190506-45856-nac-6-pol-a6-not/busca/nascimento,https://acervo.estadao.com.br/procura/busca.php?&busca=Carlos+Nascimento&decade=2010%7C2010&page=261
estadao,Carlos Fernando da Costa Almeida de Paiva Nascimento,Carlos+Nascimento,261,"06/05/2019, SEGUNDA-FEIRA, PÁGINA a2",https://acervo.estadao.com.br/pagina/#!/20190506-45856-spo-2-opi-a2-not/busca/nascimento,https://acervo.estadao.com.br/procura/busca.php?&busca=Carlos+Nascimento&decade=2010%7C2010&page=261
estadao,Carlos Fernando da Costa Almeida de Paiva Nascimento,Carlos+Nascimento,261,"06/05/2019, SEGUNDA-FEIRA, PÁGINA a6",https://acervo.estadao.com.br/pagina/#!/20190506-45856-spo-6-pol-a6-not/busca/nascimento,https://acervo.estadao.com.br/procura/busca.php?&busca=Carlos+Nascimento&decade=2010%7C2010&page=261
estadao,Carlos Fernando da Costa Almeida de Paiva Nascimento,Carlos+Nascimento,261,"30/10/2019, QUARTA-FEIRA, PÁGINA a3",https://acervo.estadao.com.br/pagina/#!/20191030-46033-nac-3-edi-a3-not/busca/nascimento,https://acervo.estadao.com.br/procura/busca.php?&busca=Carlos+Nascimento&decade=2010%7C2010&page=261
estadao,Carlos Fernando da Costa Almeida de Paiva Nascimento,Carlos+Nascimento,261,"30/10/2019, QUARTA-FEIRA, PÁGINA a3",https://acervo.estadao.com.br/pagina/#!/20191030-46033-spo-3-edi-a3-not/busca/nascimento,https://acervo.estadao.com.br/procura/busca.php?&busca=Carlos+Nascimento&decade=2010%7C2010&page=261
estadao,Carlos Fernando da Costa Almeida de Paiva Nascimento,Carlos+Nascimento,261,"24/10/2019, QUINTA-FEIRA, PÁGINA c4",https://acervo.estadao.com.br/pagina/#!/20191024-46027-spo-50-cd2-c4-not/busca/Nascimento,https://acervo.estadao.com.br/procura/busca.php?&busca=Carlos+Nascimento&decade=2010%7C2010&page=261
estadao,Carlos Fernando da Costa Almeida de Paiva Nascimento,Carlos+Nascimento,261,"24/10/2019, QUINTA-FEIRA, PÁGINA c4",https://acervo.estadao.com.br/pagina/#!/20191024-46027-nac-50-cd2-c4-not/busca/Nascimento,https://acervo.estadao.com.br/procura/busca.php?&busca=Carlos+Nascimento&decade=2010%7C2010&page=261
estadao,Carlos Fernando da Costa Almeida de Paiva Nascimento,Carlos+Nascimento,261,"23/10/2019, QUARTA-FEIRA, PÁGINA a10",https://acervo.estadao.com.br/pagina/#!/20191023-46026-nac-10-pol-a10-not/busca/Nascimento,https://acervo.estadao.com.br/procura/busca.php?&busca=Carlos+Nascimento&decade=2010%7C2010&page=261
estadao,Carlos Fernando da Costa Almeida de Paiva Nascimento,Carlos+Nascimento,261,"23/10/2019, QUARTA-FEIRA, PÁGINA a10",https://acervo.estadao.com.br/pagina/#!/20191023-46026-spo-10-pol-a10-not/busca/Nascimento,https://acervo.estadao.com.br/procura/busca.php?&busca=Carlos+Nascimento&decade=2010%7C2010&page=261
estadao,Carlos Fernando da Costa Almeida de Paiva Nascimento,Carlos+Nascimento,262,"12/11/2019, TERÇA-FEIRA, PÁGINA b8",https://acervo.estadao.com.br/pagina/#!/20191112-46046-nac-29-eco-b8-not/busca/Nascimento+Carlos,https://acervo.estadao.com.br/procura/busca.php?&busca=Carlos+Nascimento&decade=2010%7C2010&page=262
estadao,Carlos Fernando da Costa Almeida de Paiva Nascimento,Carlos+Nascimento,262,"12/11/2019, TERÇA-FEIRA, PÁGINA b8",https://acervo.estadao.com.br/pagina/#!/20191112-46046-spo-29-eco-b8-not/busca/Nascimento+Carlos,https://acervo.estadao.com.br/procura/busca.php?&busca=Carlos+Nascimento&decade=2010%7C2010&page=262
estadao,Carlos Fernando da Costa Almeida de Paiva Nascimento,Carlos+Nascimento,262,"13/12/2019, SEXTA-FEIRA, PÁGINA b4",https://acervo.estadao.com.br/pagina/#!/20191213-46077-spo-27-eco-b4-not/busca/NASCIMENTO,https://acervo.estadao.com.br/procura/busca.php?&busca=Carlos+Nascimento&decade=2010%7C2010&page=262
estadao,Carlos Fernando da Costa Almeida de Paiva Nascimento,Carlos+Nascimento,262,"13/12/2019, SEXTA-FEIRA, PÁGINA q44",https://acervo.estadao.com.br/pagina/#!/20191213-46077-nac-88-gui-q44-not/busca/nascimento,https://acervo.estadao.com.br/procura/busca.php?&busca=Carlos+Nascimento&decade=2010%7C2010&page=262
estadao,Carlos Fernando da Costa Almeida de Paiva Nascimento,Carlos+Nascimento,262,"13/12/2019, SEXTA-FEIRA, PÁGINA b4",https://acervo.estadao.com.br/pagina/#!/20191213-46077-nac-27-eco-b4-not/busca/NASCIMENTO,https://acervo.estadao.com.br/procura/busca.php?&busca=Carlos+Nascimento&decade=2010%7C2010&page=262
estadao,Carlos Fernando da Costa Almeida de Paiva Nascimento,Carlos+Nascimento,262,"13/12/2019, SEXTA-FEIRA, PÁGINA q44",https://acervo.estadao.com.br/pagina/#!/20191213-46077-spo-88-gui-q44-not/busca/nascimento,https://acervo.estadao.com.br/procura/busca.php?&busca=Carlos+Nascimento&decade=2010%7C2010&page=262
estadao,Carlos Fernando da Costa Almeida de Paiva Nascimento,Carlos+Nascimento,262,"15/12/2019, DOMINGO, PÁGINA c7",https://acervo.estadao.com.br/pagina/#!/20191215-46079-nac-48-cd2-c7-not/busca/nascimento,https://acervo.estadao.com.br/procura/busca.php?&busca=Carlos+Nascimento&decade=2010%7C2010&page=262
estadao,Carlos Fernando da Costa Almeida de Paiva Nascimento,Carlos+Nascimento,262,"15/12/2019, DOMINGO, PÁGINA c7",https://acervo.estadao.com.br/pagina/#!/20191215-46079-spo-48-cd2-c7-not/busca/nascimento,https://acervo.estadao.com.br/procura/busca.php?&busca=Carlos+Nascimento&decade=2010%7C2010&page=262
estadao,Carlos Fernando da Costa Almeida de Paiva Nascimento,Carlos+Nascimento,262,"02/07/2019, TERÇA-FEIRA, PÁGINA a16",https://acervo.estadao.com.br/pagina/#!/20190702-45913-nac-16-mrt-a16-not/busca/nascimento,https://acervo.estadao.com.br/procura/busca.php?&busca=Carlos+Nascimento&decade=2010%7C2010&page=262
estadao,Carlos Fernando da Costa Almeida de Paiva Nascimento,Carlos+Nascimento,262,"02/07/2019, TERÇA-FEIRA, PÁGINA a16",https://acervo.estadao.com.br/pagina/#!/20190702-45913-spo-16-mrt-a16-not/busca/nascimento,https://acervo.estadao.com.br/procura/busca.php?&busca=Carlos+Nascimento&decade=2010%7C2010&page=262
estadao,Carlos Fernando da Costa Almeida de Paiva Nascimento,Carlos+Nascimento,263,"24/12/2010, SEXTA-FEIRA, PÁGINA c5",https://acervo.estadao.com.br/pagina/#!/20101224-42801-spo-30-cid-c5-not/busca/Nascimento,https://acervo.estadao.com.br/procura/busca.php?&busca=Carlos+Nascimento&decade=2010%7C2010&page=263
estadao,Carlos Fernando da Costa Almeida de Paiva Nascimento,Carlos+Nascimento,264,"19/07/2018, QUINTA-FEIRA, PÁGINA c8",https://acervo.estadao.com.br/pagina/#!/20180719-45565-spo-38-cd2-c8-not/busca/nascimento,https://acervo.estadao.com.br/procura/busca.php?&busca=Carlos+Nascimento&decade=2010%7C2010&page=264
estadao,Carlos Fernando da Costa Almeida de Paiva Nascimento,Carlos+Nascimento,264,"27/03/2015, SEXTA-FEIRA, PÁGINA 77",https://acervo.estadao.com.br/pagina/#!/20150327-44355-nac-122-gui-77-not/busca/Nascimento,https://acervo.estadao.com.br/procura/busca.php?&busca=Carlos+Nascimento&decade=2010%7C2010&page=264
estadao,Carlos Fernando da Costa Almeida de Paiva Nascimento,Carlos+Nascimento,264,"03/04/2015, SEXTA-FEIRA, PÁGINA b1",https://acervo.estadao.com.br/pagina/#!/20150403-44362-spo-18-eco-b1-not/busca/Nascimento,https://acervo.estadao.com.br/procura/busca.php?&busca=Carlos+Nascimento&decade=2010%7C2010&page=264
estadao,Carlos Fernando da Costa Almeida de Paiva Nascimento,Carlos+Nascimento,264,"03/04/2015, SEXTA-FEIRA, PÁGINA b1",https://acervo.estadao.com.br/pagina/#!/20150403-44362-nac-18-eco-b1-not/busca/Nascimento,https://acervo.estadao.com.br/procura/busca.php?&busca=Carlos+Nascimento&decade=2010%7C2010&page=264
estadao,Carlos Fernando da Costa Almeida de Paiva Nascimento,Carlos+Nascimento,264,"30/06/2018, SÁBADO, PÁGINA c2",https://acervo.estadao.com.br/pagina/#!/20180630-45546-nac-32-cd2-c2-not/busca/nascimento,https://acervo.estadao.com.br/procura/busca.php?&busca=Carlos+Nascimento&decade=2010%7C2010&page=264
estadao,Carlos Fernando da Costa Almeida de Paiva Nascimento,Carlos+Nascimento,264,"30/06/2018, SÁBADO, PÁGINA c2",https://acervo.estadao.com.br/pagina/#!/20180630-45546-spo-32-cd2-c2-not/busca/nascimento,https://acervo.estadao.com.br/procura/busca.php?&busca=Carlos+Nascimento&decade=2010%7C2010&page=264
estadao,Carlos Fernando da Costa Almeida de Paiva Nascimento,Carlos+Nascimento,264,"02/07/2018, SEGUNDA-FEIRA, PÁGINA a3",https://acervo.estadao.com.br/pagina/#!/20180702-45548-nac-3-edi-a3-not/busca/nascimento,https://acervo.estadao.com.br/procura/busca.php?&busca=Carlos+Nascimento&decade=2010%7C2010&page=264
estadao,Carlos Fernando da Costa Almeida de Paiva Nascimento,Carlos+Nascimento,264,"02/07/2018, SEGUNDA-FEIRA, PÁGINA a3",https://acervo.estadao.com.br/pagina/#!/20180702-45548-spo-3-edi-a3-not/busca/nascimento,https://acervo.estadao.com.br/procura/busca.php?&busca=Carlos+Nascimento&decade=2010%7C2010&page=264
estadao,Carlos Fernando da Costa Almeida de Paiva Nascimento,Carlos+Nascimento,264,"01/06/2017, QUINTA-FEIRA, PÁGINA a16",https://acervo.estadao.com.br/pagina/#!/20170601-45152-nac-14-mrt-a16-not/busca/Nascimento,https://acervo.estadao.com.br/procura/busca.php?&busca=Carlos+Nascimento&decade=2010%7C2010&page=264
estadao,Carlos Fernando da Costa Almeida de Paiva Nascimento,Carlos+Nascimento,264,"15/07/2015, QUARTA-FEIRA, PÁGINA b11",https://acervo.estadao.com.br/pagina/#!/20150715-44465-nac-30-eco-b11-not/busca/Nascimento+Carlos,https://acervo.estadao.com.br/procura/busca.php?&busca=Carlos+Nascimento&decade=2010%7C2010&page=264
estadao,Carlos Fernando da Costa Almeida de Paiva Nascimento,Carlos+Nascimento,265,"15/07/2015, QUARTA-FEIRA, PÁGINA b11",https://acervo.estadao.com.br/pagina/#!/20150715-44465-spo-30-eco-b11-not/busca/Nascimento+Carlos,https://acervo.estadao.com.br/procura/busca.php?&busca=Carlos+Nascimento&decade=2010%7C2010&page=265
estadao,Carlos Fernando da Costa Almeida de Paiva Nascimento,Carlos+Nascimento,265,"21/06/2018, QUINTA-FEIRA, PÁGINA a20",https://acervo.estadao.com.br/pagina/#!/20180621-45537-spo-20-mrt-a20-not/busca/nascimento,https://acervo.estadao.com.br/procura/busca.php?&busca=Carlos+Nascimento&decade=2010%7C2010&page=265
estadao,Carlos Fernando da Costa Almeida de Paiva Nascimento,Carlos+Nascimento,265,"21/06/2018, QUINTA-FEIRA, PÁGINA a20",https://acervo.estadao.com.br/pagina/#!/20180621-45537-nac-20-mrt-a20-not/busca/nascimento,https://acervo.estadao.com.br/procura/busca.php?&busca=Carlos+Nascimento&decade=2010%7C2010&page=265
estadao,Carlos Fernando da Costa Almeida de Paiva Nascimento,Carlos+Nascimento,265,"31/01/2016, DOMINGO, PÁGINA co05",https://acervo.estadao.com.br/pagina/#!/20160131-44665-nac-74-opr-co05-not/busca/Nascimento,https://acervo.estadao.com.br/procura/busca.php?&busca=Carlos+Nascimento&decade=2010%7C2010&page=265
estadao,Carlos Fernando da Costa Almeida de Paiva Nascimento,Carlos+Nascimento,265,"31/01/2016, DOMINGO, PÁGINA co05",https://acervo.estadao.com.br/pagina/#!/20160131-44665-spo-74-opr-co05-not/busca/Nascimento,https://acervo.estadao.com.br/procura/busca.php?&busca=Carlos+Nascimento&decade=2010%7C2010&page=265
estadao,Carlos Fernando da Costa Almeida de Paiva Nascimento,Carlos+Nascimento,265,"01/06/2017, QUINTA-FEIRA, PÁGINA a16",https://acervo.estadao.com.br/pagina/#!/20170601-45152-spo-14-mrt-a16-not/busca/Carlos+Nascimento,https://acervo.estadao.com.br/procura/busca.php?&busca=Carlos+Nascimento&decade=2010%7C2010&page=265
estadao,Carlos Fernando da Costa Almeida de Paiva Nascimento,Carlos+Nascimento,265,"28/05/2018, SEGUNDA-FEIRA, PÁGINA b8",https://acervo.estadao.com.br/pagina/#!/20180528-45513-spo-24-eco-b8-not/busca/Nascimento,https://acervo.estadao.com.br/procura/busca.php?&busca=Carlos+Nascimento&decade=2010%7C2010&page=265
estadao,Carlos Fernando da Costa Almeida de Paiva Nascimento,Carlos+Nascimento,265,"28/05/2018, SEGUNDA-FEIRA, PÁGINA b8",https://acervo.estadao.com.br/pagina/#!/20180528-45513-nac-24-eco-b8-not/busca/Nascimento,https://acervo.estadao.com.br/procura/busca.php?&busca=Carlos+Nascimento&decade=2010%7C2010&page=265
estadao,Carlos Fernando da Costa Almeida de Paiva Nascimento,Carlos+Nascimento,265,"03/08/2016, QUARTA-FEIRA, PÁGINA h8",https://acervo.estadao.com.br/pagina/#!/20160803-44850-spo-70-esp-h8-not/busca/Nascimento,https://acervo.estadao.com.br/procura/busca.php?&busca=Carlos+Nascimento&decade=2010%7C2010&page=265
estadao,Carlos Fernando da Costa Almeida de Paiva Nascimento,Carlos+Nascimento,265,"30/09/2016, SEXTA-FEIRA, PÁGINA c8",https://acervo.estadao.com.br/pagina/#!/20160930-44908-nac-47-cd2-c8-not/busca/Nascimento,https://acervo.estadao.com.br/procura/busca.php?&busca=Carlos+Nascimento&decade=2010%7C2010&page=265
estadao,Carlos Fernando da Costa Almeida de Paiva Nascimento,Carlos+Nascimento,266,"30/09/2016, SEXTA-FEIRA, PÁGINA c8",https://acervo.estadao.com.br/pagina/#!/20160930-44908-spo-47-cd2-c8-not/busca/Nascimento,https://acervo.estadao.com.br/procura/busca.php?&busca=Carlos+Nascimento&decade=2010%7C2010&page=266
estadao,Carlos Fernando da Costa Almeida de Paiva Nascimento,Carlos+Nascimento,266,"30/12/2010, QUINTA-FEIRA, PÁGINA d3",https://acervo.estadao.com.br/pagina/#!/20101230-42807-spo-58-cd2-d3-not/busca/Nascimento,https://acervo.estadao.com.br/procura/busca.php?&busca=Carlos+Nascimento&decade=2010%7C2010&page=266
estadao,Carlos Fernando da Costa Almeida de Paiva Nascimento,Carlos+Nascimento,266,"30/12/2010, QUINTA-FEIRA, PÁGINA d3",https://acervo.estadao.com.br/pagina/#!/20101230-42807-nac-53-cd2-d3-not/busca/Nascimento,https://acervo.estadao.com.br/procura/busca.php?&busca=Carlos+Nascimento&decade=2010%7C2010&page=266
estadao,Carlos Fernando da Costa Almeida de Paiva Nascimento,Carlos+Nascimento,266,"11/11/2010, QUINTA-FEIRA, PÁGINA b16",https://acervo.estadao.com.br/pagina/#!/20101111-42758-spo-38-eco-b16-not/busca/Nascimento,https://acervo.estadao.com.br/procura/busca.php?&busca=Carlos+Nascimento&decade=2010%7C2010&page=266
estadao,Carlos Fernando da Costa Almeida de Paiva Nascimento,Carlos+Nascimento,266,"11/11/2010, QUINTA-FEIRA, PÁGINA b8",https://acervo.estadao.com.br/pagina/#!/20101111-42758-nac-31-eco-b8-not/busca/Nascimento,https://acervo.estadao.com.br/procura/busca.php?&busca=Carlos+Nascimento&decade=2010%7C2010&page=266
estadao,Carlos Fernando da Costa Almeida de Paiva Nascimento,Carlos+Nascimento,266,"18/11/2010, QUINTA-FEIRA, PÁGINA c4",https://acervo.estadao.com.br/pagina/#!/20101118-42765-spo-52-cid-c4-not/busca/Nascimento,https://acervo.estadao.com.br/procura/busca.php?&busca=Carlos+Nascimento&decade=2010%7C2010&page=266
estadao,Carlos Fernando da Costa Almeida de Paiva Nascimento,Carlos+Nascimento,266,"06/11/2010, SÁBADO, PÁGINA c6",https://acervo.estadao.com.br/pagina/#!/20101106-42753-nac-63-cid-c6-not/busca/Nascimento,https://acervo.estadao.com.br/procura/busca.php?&busca=Carlos+Nascimento&decade=2010%7C2010&page=266
estadao,Carlos Fernando da Costa Almeida de Paiva Nascimento,Carlos+Nascimento,266,"11/09/2010, SÁBADO, PÁGINA ci8",https://acervo.estadao.com.br/pagina/#!/20100911-42697-spo-88-imo-ci8-not/busca/nascimento,https://acervo.estadao.com.br/procura/busca.php?&busca=Carlos+Nascimento&decade=2010%7C2010&page=266
estadao,Carlos Fernando da Costa Almeida de Paiva Nascimento,Carlos+Nascimento,266,"11/09/2010, SÁBADO, PÁGINA ci8",https://acervo.estadao.com.br/pagina/#!/20100911-42697-nac-86-imo-ci8-not/busca/nascimento,https://acervo.estadao.com.br/procura/busca.php?&busca=Carlos+Nascimento&decade=2010%7C2010&page=266
estadao,Carlos Fernando da Costa Almeida de Paiva Nascimento,Carlos+Nascimento,266,"04/09/2010, SÁBADO, PÁGINA d4",https://acervo.estadao.com.br/pagina/#!/20100904-42690-spo-72-cd2-d4-not/busca/Carlos+Nascimento,https://acervo.estadao.com.br/procura/busca.php?&busca=Carlos+Nascimento&decade=2010%7C2010&page=266
estadao,Carlos Fernando da Costa Almeida de Paiva Nascimento,Carlos+Nascimento,267,"04/09/2010, SÁBADO, PÁGINA d4",https://acervo.estadao.com.br/pagina/#!/20100904-42690-nac-72-cd2-d4-not/busca/Carlos+Nascimento,https://acervo.estadao.com.br/procura/busca.php?&busca=Carlos+Nascimento&decade=2010%7C2010&page=267
estadao,Carlos Fernando da Costa Almeida de Paiva Nascimento,Carlos+Nascimento,267,"04/07/2010, DOMINGO, PÁGINA a3",https://acervo.estadao.com.br/pagina/#!/20100704-42628-spo-3-edi-a3-not/busca/Nascimento,https://acervo.estadao.com.br/procura/busca.php?&busca=Carlos+Nascimento&decade=2010%7C2010&page=267
estadao,Carlos Fernando da Costa Almeida de Paiva Nascimento,Carlos+Nascimento,267,"04/07/2010, DOMINGO, PÁGINA d13",https://acervo.estadao.com.br/pagina/#!/20100704-42628-spo-167-cd2-d13-not/busca/Nascimento,https://acervo.estadao.com.br/procura/busca.php?&busca=Carlos+Nascimento&decade=2010%7C2010&page=267
estadao,Carlos Fernando da Costa Almeida de Paiva Nascimento,Carlos+Nascimento,267,"04/07/2010, DOMINGO, PÁGINA a3",https://acervo.estadao.com.br/pagina/#!/20100704-42628-nac-3-edi-a3-not/busca/Nascimento,https://acervo.estadao.com.br/procura/busca.php?&busca=Carlos+Nascimento&decade=2010%7C2010&page=267
estadao,Carlos Fernando da Costa Almeida de Paiva Nascimento,Carlos+Nascimento,267,"04/07/2010, DOMINGO, PÁGINA d13",https://acervo.estadao.com.br/pagina/#!/20100704-42628-nac-167-cd2-d13-not/busca/Nascimento,https://acervo.estadao.com.br/procura/busca.php?&busca=Carlos+Nascimento&decade=2010%7C2010&page=267
estadao,Carlos Fernando da Costa Almeida de Paiva Nascimento,Carlos+Nascimento,267,"08/07/2010, QUINTA-FEIRA, PÁGINA a3",https://acervo.estadao.com.br/pagina/#!/20100708-42632-spo-3-edi-a3-not/busca/NASCIMENTO,https://acervo.estadao.com.br/procura/busca.php?&busca=Carlos+Nascimento&decade=2010%7C2010&page=267
estadao,Carlos Fernando da Costa Almeida de Paiva Nascimento,Carlos+Nascimento,267,"08/07/2010, QUINTA-FEIRA, PÁGINA a3",https://acervo.estadao.com.br/pagina/#!/20100708-42632-nac-3-edi-a3-not/busca/NASCIMENTO,https://acervo.estadao.com.br/procura/busca.php?&busca=Carlos+Nascimento&decade=2010%7C2010&page=267
estadao,Carlos Fernando da Costa Almeida de Paiva Nascimento,Carlos+Nascimento,267,"29/06/2010, TERÇA-FEIRA, PÁGINA d7",https://acervo.estadao.com.br/pagina/#!/20100629-42623-spo-47-cd2-d7-not/busca/nascimento,https://acervo.estadao.com.br/procura/busca.php?&busca=Carlos+Nascimento&decade=2010%7C2010&page=267
estadao,Carlos Fernando da Costa Almeida de Paiva Nascimento,Carlos+Nascimento,267,"29/06/2010, TERÇA-FEIRA, PÁGINA d7",https://acervo.estadao.com.br/pagina/#!/20100629-42623-nac-43-cd2-d7-not/busca/nascimento,https://acervo.estadao.com.br/procura/busca.php?&busca=Carlos+Nascimento&decade=2010%7C2010&page=267
estadao,Carlos Fernando da Costa Almeida de Paiva Nascimento,Carlos+Nascimento,267,"23/06/2010, QUARTA-FEIRA, PÁGINA a3",https://acervo.estadao.com.br/pagina/#!/20100623-42617-spo-3-edi-a3-not/busca/NASCIMENTO,https://acervo.estadao.com.br/procura/busca.php?&busca=Carlos+Nascimento&decade=2010%7C2010&page=267
estadao,Carlos Fernando da Costa Almeida de Paiva Nascimento,Carlos+Nascimento,268,"24/08/2011, QUARTA-FEIRA, PÁGINA b7",https://acervo.estadao.com.br/pagina/#!/20110824-43044-spo-27-eco-b7-not/busca/Nascimento,https://acervo.estadao.com.br/procura/busca.php?&busca=Carlos+Nascimento&decade=2010%7C2010&page=268
estadao,Carlos Fernando da Costa Almeida de Paiva Nascimento,Carlos+Nascimento,268,"18/08/2011, QUINTA-FEIRA, PÁGINA a3",https://acervo.estadao.com.br/pagina/#!/20110818-43038-spo-3-edi-a3-not/busca/Nascimento,https://acervo.estadao.com.br/procura/busca.php?&busca=Carlos+Nascimento&decade=2010%7C2010&page=268
estadao,Carlos Fernando da Costa Almeida de Paiva Nascimento,Carlos+Nascimento,268,"18/08/2011, QUINTA-FEIRA, PÁGINA a3",https://acervo.estadao.com.br/pagina/#!/20110818-43038-nac-3-edi-a3-not/busca/Nascimento,https://acervo.estadao.com.br/procura/busca.php?&busca=Carlos+Nascimento&decade=2010%7C2010&page=268
estadao,Carlos Fernando da Costa Almeida de Paiva Nascimento,Carlos+Nascimento,268,"10/06/2011, SEXTA-FEIRA, PÁGINA c6",https://acervo.estadao.com.br/pagina/#!/20110610-42969-nac-42-cid-c6-not/busca/nascimento,https://acervo.estadao.com.br/procura/busca.php?&busca=Carlos+Nascimento&decade=2010%7C2010&page=268
estadao,Carlos Fernando da Costa Almeida de Paiva Nascimento,Carlos+Nascimento,268,"17/06/2011, SEXTA-FEIRA, PÁGINA a3",https://acervo.estadao.com.br/pagina/#!/20110617-42976-spo-3-edi-a3-not/busca/NASCIMENTO,https://acervo.estadao.com.br/procura/busca.php?&busca=Carlos+Nascimento&decade=2010%7C2010&page=268
estadao,Carlos Fernando da Costa Almeida de Paiva Nascimento,Carlos+Nascimento,268,"27/06/2011, SEGUNDA-FEIRA, PÁGINA a2",https://acervo.estadao.com.br/pagina/#!/20110627-42986-spo-2-opi-a2-not/busca/nascimento,https://acervo.estadao.com.br/procura/busca.php?&busca=Carlos+Nascimento&decade=2010%7C2010&page=268
estadao,Carlos Fernando da Costa Almeida de Paiva Nascimento,Carlos+Nascimento,268,"03/04/2011, DOMINGO, PÁGINA d2",https://acervo.estadao.com.br/pagina/#!/20110403-42901-spo-159-cd2-d2-not/busca/NASCIMENTO,https://acervo.estadao.com.br/procura/busca.php?&busca=Carlos+Nascimento&decade=2010%7C2010&page=268
estadao,Carlos Fernando da Costa Almeida de Paiva Nascimento,Carlos+Nascimento,268,"11/10/2011, TERÇA-FEIRA, PÁGINA c8",https://acervo.estadao.com.br/pagina/#!/20111011-43092-spo-40-cid-c8-not/busca/Nascimento,https://acervo.estadao.com.br/procura/busca.php?&busca=Carlos+Nascimento&decade=2010%7C2010&page=268
estadao,Carlos Fernando da Costa Almeida de Paiva Nascimento,Carlos+Nascimento,268,"11/10/2011, TERÇA-FEIRA, PÁGINA a8",https://acervo.estadao.com.br/pagina/#!/20111011-43092-nac-8-pol-a8-not/busca/nascimento,https://acervo.estadao.com.br/procura/busca.php?&busca=Carlos+Nascimento&decade=2010%7C2010&page=268
estadao,Carlos Fernando da Costa Almeida de Paiva Nascimento,Carlos+Nascimento,268,"11/10/2011, TERÇA-FEIRA, PÁGINA c4",https://acervo.estadao.com.br/pagina/#!/20111011-43092-nac-35-cid-c4-not/busca/Nascimento,https://acervo.estadao.com.br/procura/busca.php?&busca=Carlos+Nascimento&decade=2010%7C2010&page=268
estadao,Carlos Fernando da Costa Almeida de Paiva Nascimento,Carlos+Nascimento,269,"13/03/2011, DOMINGO, PÁGINA co6",https://acervo.estadao.com.br/pagina/#!/20110313-42880-spo-147-opr-co6-not/busca/Nascimento,https://acervo.estadao.com.br/procura/busca.php?&busca=Carlos+Nascimento&decade=2010%7C2010&page=269
estadao,Carlos Fernando da Costa Almeida de Paiva Nascimento,Carlos+Nascimento,269,"08/08/2011, SEGUNDA-FEIRA, PÁGINA a2",https://acervo.estadao.com.br/pagina/#!/20110808-43028-spo-2-opi-a2-not/busca/Nascimento,https://acervo.estadao.com.br/procura/busca.php?&busca=Carlos+Nascimento&decade=2010%7C2010&page=269
estadao,Carlos Fernando da Costa Almeida de Paiva Nascimento,Carlos+Nascimento,269,"03/06/2010, QUINTA-FEIRA, PÁGINA e6",https://acervo.estadao.com.br/pagina/#!/20100603-42597-nac-116-esp-e6-not/busca/Nascimento,https://acervo.estadao.com.br/procura/busca.php?&busca=Carlos+Nascimento&decade=2010%7C2010&page=269
estadao,Carlos Fernando da Costa Almeida de Paiva Nascimento,Carlos+Nascimento,269,"02/07/2010, SEXTA-FEIRA, PÁGINA a3",https://acervo.estadao.com.br/pagina/#!/20100702-42626-spo-3-edi-a3-not/busca/NASCIMENTO,https://acervo.estadao.com.br/procura/busca.php?&busca=Carlos+Nascimento&decade=2010%7C2010&page=269
estadao,Carlos Fernando da Costa Almeida de Paiva Nascimento,Carlos+Nascimento,269,"29/08/2010, DOMINGO, PÁGINA c8",https://acervo.estadao.com.br/pagina/#!/20100829-42684-spo-50-cid-c8-not/busca/nascimento,https://acervo.estadao.com.br/procura/busca.php?&busca=Carlos+Nascimento&decade=2010%7C2010&page=269
estadao,Carlos Fernando da Costa Almeida de Paiva Nascimento,Carlos+Nascimento,269,"22/08/2010, DOMINGO, PÁGINA ce10",https://acervo.estadao.com.br/pagina/#!/20100822-42677-spo-89-emp-ce10-not/busca/Nascimento,https://acervo.estadao.com.br/procura/busca.php?&busca=Carlos+Nascimento&decade=2010%7C2010&page=269
estadao,Carlos Fernando da Costa Almeida de Paiva Nascimento,Carlos+Nascimento,269,"17/04/2010, SÁBADO, PÁGINA a3",https://acervo.estadao.com.br/pagina/#!/20100417-42550-spo-3-edi-a3-not/busca/Nascimento,https://acervo.estadao.com.br/procura/busca.php?&busca=Carlos+Nascimento&decade=2010%7C2010&page=269
estadao,Carlos Fernando da Costa Almeida de Paiva Nascimento,Carlos+Nascimento,269,"23/10/2010, SÁBADO, PÁGINA d16",https://acervo.estadao.com.br/pagina/#!/20101023-42739-spo-125-cd2-d16-not/busca/Nascimento,https://acervo.estadao.com.br/procura/busca.php?&busca=Carlos+Nascimento&decade=2010%7C2010&page=269
estadao,Carlos Fernando da Costa Almeida de Paiva Nascimento,Carlos+Nascimento,269,"24/10/2010, DOMINGO, PÁGINA e6",https://acervo.estadao.com.br/pagina/#!/20101024-42740-spo-142-esp-e6-not/busca/nascimento,https://acervo.estadao.com.br/procura/busca.php?&busca=Carlos+Nascimento&decade=2010%7C2010&page=269
estadao,Carlos Fernando da Costa Almeida de Paiva Nascimento,Carlos+Nascimento,270,"28/11/2010, DOMINGO, PÁGINA d3",https://acervo.estadao.com.br/pagina/#!/20101128-42775-nac-193-cd2-d3-not/busca/nascimento,https://acervo.estadao.com.br/procura/busca.php?&busca=Carlos+Nascimento&decade=2010%7C2010&page=270
estadao,Carlos Fernando da Costa Almeida de Paiva Nascimento,Carlos+Nascimento,270,"10/11/2010, QUARTA-FEIRA, PÁGINA d9",https://acervo.estadao.com.br/pagina/#!/20101110-42757-spo-54-cd2-d9-not/busca/nascimento,https://acervo.estadao.com.br/procura/busca.php?&busca=Carlos+Nascimento&decade=2010%7C2010&page=270
estadao,Carlos Fernando da Costa Almeida de Paiva Nascimento,Carlos+Nascimento,270,"10/11/2010, QUARTA-FEIRA, PÁGINA d9",https://acervo.estadao.com.br/pagina/#!/20101110-42757-nac-50-cd2-d9-not/busca/nascimento,https://acervo.estadao.com.br/procura/busca.php?&busca=Carlos+Nascimento&decade=2010%7C2010&page=270
estadao,Carlos Fernando da Costa Almeida de Paiva Nascimento,Carlos+Nascimento,270,"14/11/2010, DOMINGO, PÁGINA a9",https://acervo.estadao.com.br/pagina/#!/20101114-42761-spo-9-pol-a9-not/busca/Nascimento,https://acervo.estadao.com.br/procura/busca.php?&busca=Carlos+Nascimento&decade=2010%7C2010&page=270
estadao,Carlos Fernando da Costa Almeida de Paiva Nascimento,Carlos+Nascimento,270,"14/11/2010, DOMINGO, PÁGINA a9",https://acervo.estadao.com.br/pagina/#!/20101114-42761-nac-9-pol-a9-not/busca/Nascimento,https://acervo.estadao.com.br/procura/busca.php?&busca=Carlos+Nascimento&decade=2010%7C2010&page=270
estadao,Carlos Fernando da Costa Almeida de Paiva Nascimento,Carlos+Nascimento,270,"02/02/2010, TERÇA-FEIRA, PÁGINA c5",https://acervo.estadao.com.br/pagina/#!/20100202-42476-nac-36-cid-c5-not/busca/nascimento,https://acervo.estadao.com.br/procura/busca.php?&busca=Carlos+Nascimento&decade=2010%7C2010&page=270
estadao,Carlos Fernando da Costa Almeida de Paiva Nascimento,Carlos+Nascimento,270,"24/12/2011, SÁBADO, PÁGINA d6",https://acervo.estadao.com.br/pagina/#!/20111224-43166-nac-42-cd2-d6-not/busca/Nascimento,https://acervo.estadao.com.br/procura/busca.php?&busca=Carlos+Nascimento&decade=2010%7C2010&page=270
estadao,Carlos Fernando da Costa Almeida de Paiva Nascimento,Carlos+Nascimento,270,"24/12/2011, SÁBADO, PÁGINA a2",https://acervo.estadao.com.br/pagina/#!/20111224-43166-nac-2-opi-a2-not/busca/nascimento,https://acervo.estadao.com.br/procura/busca.php?&busca=Carlos+Nascimento&decade=2010%7C2010&page=270
estadao,Carlos Fernando da Costa Almeida de Paiva Nascimento,Carlos+Nascimento,270,"24/12/2011, SÁBADO, PÁGINA a2",https://acervo.estadao.com.br/pagina/#!/20111224-43166-spo-2-opi-a2-not/busca/nascimento,https://acervo.estadao.com.br/procura/busca.php?&busca=Carlos+Nascimento&decade=2010%7C2010&page=270
estadao,Carlos Fernando da Costa Almeida de Paiva Nascimento,Carlos+Nascimento,270,"24/12/2011, SÁBADO, PÁGINA d6",https://acervo.estadao.com.br/pagina/#!/20111224-43166-spo-43-cd2-d6-not/busca/Nascimento,https://acervo.estadao.com.br/procura/busca.php?&busca=Carlos+Nascimento&decade=2010%7C2010&page=270
estadao,Carlos Fernando da Costa Almeida de Paiva Nascimento,Carlos+Nascimento,271,"06/01/2012, SEXTA-FEIRA, PÁGINA c3",https://acervo.estadao.com.br/pagina/#!/20120106-43179-nac-29-cid-c3-not/busca/Nascimento,https://acervo.estadao.com.br/procura/busca.php?&busca=Carlos+Nascimento&decade=2010%7C2010&page=271
estadao,Carlos Fernando da Costa Almeida de Paiva Nascimento,Carlos+Nascimento,271,"10/01/2012, TERÇA-FEIRA, PÁGINA c4",https://acervo.estadao.com.br/pagina/#!/20120110-43183-nac-28-cid-c4-not/busca/Nascimento,https://acervo.estadao.com.br/procura/busca.php?&busca=Carlos+Nascimento&decade=2010%7C2010&page=271
estadao,Carlos Fernando da Costa Almeida de Paiva Nascimento,Carlos+Nascimento,271,"10/01/2012, TERÇA-FEIRA, PÁGINA c4",https://acervo.estadao.com.br/pagina/#!/20120110-43183-spo-30-cid-c4-not/busca/Nascimento,https://acervo.estadao.com.br/procura/busca.php?&busca=Carlos+Nascimento&decade=2010%7C2010&page=271
estadao,Carlos Fernando da Costa Almeida de Paiva Nascimento,Carlos+Nascimento,271,"11/12/2011, DOMINGO, PÁGINA j2",https://acervo.estadao.com.br/pagina/#!/20111211-43153-nac-189-ali-j2-not/busca/Nascimento,https://acervo.estadao.com.br/procura/busca.php?&busca=Carlos+Nascimento&decade=2010%7C2010&page=271
estadao,Carlos Fernando da Costa Almeida de Paiva Nascimento,Carlos+Nascimento,271,"11/12/2011, DOMINGO, PÁGINA j2",https://acervo.estadao.com.br/pagina/#!/20111211-43153-spo-189-ali-j2-not/busca/Nascimento,https://acervo.estadao.com.br/procura/busca.php?&busca=Carlos+Nascimento&decade=2010%7C2010&page=271
estadao,Carlos Fernando da Costa Almeida de Paiva Nascimento,Carlos+Nascimento,271,"12/12/2011, SEGUNDA-FEIRA, PÁGINA c1",https://acervo.estadao.com.br/pagina/#!/20111212-43154-nac-33-cid-c1-not/busca/Nascimento,https://acervo.estadao.com.br/procura/busca.php?&busca=Carlos+Nascimento&decade=2010%7C2010&page=271
estadao,Carlos Fernando da Costa Almeida de Paiva Nascimento,Carlos+Nascimento,271,"12/12/2011, SEGUNDA-FEIRA, PÁGINA c3",https://acervo.estadao.com.br/pagina/#!/20111212-43154-nac-35-cid-c3-not/busca/Nascimento,https://acervo.estadao.com.br/procura/busca.php?&busca=Carlos+Nascimento&decade=2010%7C2010&page=271
estadao,Carlos Fernando da Costa Almeida de Paiva Nascimento,Carlos+Nascimento,271,"12/12/2011, SEGUNDA-FEIRA, PÁGINA c1",https://acervo.estadao.com.br/pagina/#!/20111212-43154-spo-33-cid-c1-not/busca/Nascimento,https://acervo.estadao.com.br/procura/busca.php?&busca=Carlos+Nascimento&decade=2010%7C2010&page=271
estadao,Carlos Fernando da Costa Almeida de Paiva Nascimento,Carlos+Nascimento,271,"12/12/2011, SEGUNDA-FEIRA, PÁGINA c4",https://acervo.estadao.com.br/pagina/#!/20111212-43154-spo-36-cid-c4-not/busca/Nascimento,https://acervo.estadao.com.br/procura/busca.php?&busca=Carlos+Nascimento&decade=2010%7C2010&page=271
estadao,Carlos Fernando da Costa Almeida de Paiva Nascimento,Carlos+Nascimento,271,"13/12/2011, TERÇA-FEIRA, PÁGINA a18",https://acervo.estadao.com.br/pagina/#!/20111213-43155-nac-18-ger-a18-not/busca/Nascimento,https://acervo.estadao.com.br/procura/busca.php?&busca=Carlos+Nascimento&decade=2010%7C2010&page=271
estadao,Carlos Fernando da Costa Almeida de Paiva Nascimento,Carlos+Nascimento,272,"26/09/2010, DOMINGO, PÁGINA co10",https://acervo.estadao.com.br/pagina/#!/20100926-42712-spo-172-opr-co10-not/busca/Nascimento,https://acervo.estadao.com.br/procura/busca.php?&busca=Carlos+Nascimento&decade=2010%7C2010&page=272
estadao,Carlos Fernando da Costa Almeida de Paiva Nascimento,Carlos+Nascimento,272,"24/02/2010, QUARTA-FEIRA, PÁGINA d2",https://acervo.estadao.com.br/pagina/#!/20100224-42498-nac-45-cd2-d2-not/busca/Nascimento,https://acervo.estadao.com.br/procura/busca.php?&busca=Carlos+Nascimento&decade=2010%7C2010&page=272
estadao,Carlos Fernando da Costa Almeida de Paiva Nascimento,Carlos+Nascimento,272,"05/07/2010, SEGUNDA-FEIRA, PÁGINA a3",https://acervo.estadao.com.br/pagina/#!/20100705-42629-nac-3-edi-a3-not/busca/NASCIMENTO,https://acervo.estadao.com.br/procura/busca.php?&busca=Carlos+Nascimento&decade=2010%7C2010&page=272
estadao,Carlos Fernando da Costa Almeida de Paiva Nascimento,Carlos+Nascimento,272,"24/07/2010, SÁBADO, PÁGINA d4",https://acervo.estadao.com.br/pagina/#!/20100724-42648-nac-84-cd2-d4-not/busca/Nascimento,https://acervo.estadao.com.br/procura/busca.php?&busca=Carlos+Nascimento&decade=2010%7C2010&page=272
estadao,Carlos Fernando da Costa Almeida de Paiva Nascimento,Carlos+Nascimento,273,"19/01/2012, QUINTA-FEIRA, PÁGINA co1",https://acervo.estadao.com.br/pagina/#!/20120119-43192-spo-63-opr-co1-not/busca/Nascimento,https://acervo.estadao.com.br/procura/busca.php?&busca=Carlos+Nascimento&decade=2010%7C2010&page=273
estadao,Carlos Fernando da Costa Almeida de Paiva Nascimento,Carlos+Nascimento,273,"20/01/2012, SEXTA-FEIRA, PÁGINA d11",https://acervo.estadao.com.br/pagina/#!/20120120-43193-spo-45-cd2-d11-not/busca/Carlos+nascimento,https://acervo.estadao.com.br/procura/busca.php?&busca=Carlos+Nascimento&decade=2010%7C2010&page=273
estadao,Carlos Fernando da Costa Almeida de Paiva Nascimento,Carlos+Nascimento,273,"21/01/2012, SÁBADO, PÁGINA d6",https://acervo.estadao.com.br/pagina/#!/20120121-43194-nac-81-cd2-d6-not/busca/Nascimento,https://acervo.estadao.com.br/procura/busca.php?&busca=Carlos+Nascimento&decade=2010%7C2010&page=273
estadao,Carlos Fernando da Costa Almeida de Paiva Nascimento,Carlos+Nascimento,273,"21/01/2012, SÁBADO, PÁGINA d6",https://acervo.estadao.com.br/pagina/#!/20120121-43194-spo-81-cd2-d6-not/busca/Nascimento,https://acervo.estadao.com.br/procura/busca.php?&busca=Carlos+Nascimento&decade=2010%7C2010&page=273
estadao,Carlos Fernando da Costa Almeida de Paiva Nascimento,Carlos+Nascimento,273,"03/11/2011, QUINTA-FEIRA, PÁGINA c6",https://acervo.estadao.com.br/pagina/#!/20111103-43115-spo-44-cid-c6-not/busca/Nascimento,https://acervo.estadao.com.br/procura/busca.php?&busca=Carlos+Nascimento&decade=2010%7C2010&page=273
estadao,Carlos Fernando da Costa Almeida de Paiva Nascimento,Carlos+Nascimento,273,"10/11/2011, QUINTA-FEIRA, PÁGINA a25",https://acervo.estadao.com.br/pagina/#!/20111110-43122-nac-24-ger-a25-not/busca/Nascimento,https://acervo.estadao.com.br/procura/busca.php?&busca=Carlos+Nascimento&decade=2010%7C2010&page=273
estadao,Carlos Fernando da Costa Almeida de Paiva Nascimento,Carlos+Nascimento,273,"10/11/2011, QUINTA-FEIRA, PÁGINA a25",https://acervo.estadao.com.br/pagina/#!/20111110-43122-spo-24-ger-a25-not/busca/Nascimento,https://acervo.estadao.com.br/procura/busca.php?&busca=Carlos+Nascimento&decade=2010%7C2010&page=273
estadao,Carlos Fernando da Costa Almeida de Paiva Nascimento,Carlos+Nascimento,273,"13/11/2011, DOMINGO, PÁGINA a4",https://acervo.estadao.com.br/pagina/#!/20111113-43125-nac-4-pol-a4-not/busca/Nascimento,https://acervo.estadao.com.br/procura/busca.php?&busca=Carlos+Nascimento&decade=2010%7C2010&page=273
estadao,Carlos Fernando da Costa Almeida de Paiva Nascimento,Carlos+Nascimento,273,"13/11/2011, DOMINGO, PÁGINA a4",https://acervo.estadao.com.br/pagina/#!/20111113-43125-spo-4-pol-a4-not/busca/Nascimento,https://acervo.estadao.com.br/procura/busca.php?&busca=Carlos+Nascimento&decade=2010%7C2010&page=273
estadao,Carlos Fernando da Costa Almeida de Paiva Nascimento,Carlos+Nascimento,273,"14/11/2011, SEGUNDA-FEIRA, PÁGINA c5",https://acervo.estadao.com.br/pagina/#!/20111114-43126-nac-30-cid-c5-not/busca/Nascimento,https://acervo.estadao.com.br/procura/busca.php?&busca=Carlos+Nascimento&decade=2010%7C2010&page=273
estadao,Carlos Fernando da Costa Almeida de Paiva Nascimento,Carlos+Nascimento,274,"14/11/2011, SEGUNDA-FEIRA, PÁGINA c6",https://acervo.estadao.com.br/pagina/#!/20111114-43126-spo-31-cid-c6-not/busca/Nascimento,https://acervo.estadao.com.br/procura/busca.php?&busca=Carlos+Nascimento&decade=2010%7C2010&page=274
estadao,Carlos Fernando da Costa Almeida de Paiva Nascimento,Carlos+Nascimento,274,"01/12/2011, QUINTA-FEIRA, PÁGINA a4",https://acervo.estadao.com.br/pagina/#!/20111201-43143-nac-4-pol-a4-not/busca/Nascimento,https://acervo.estadao.com.br/procura/busca.php?&busca=Carlos+Nascimento&decade=2010%7C2010&page=274
estadao,Carlos Fernando da Costa Almeida de Paiva Nascimento,Carlos+Nascimento,274,"05/12/2011, SEGUNDA-FEIRA, PÁGINA a6",https://acervo.estadao.com.br/pagina/#!/20111205-43147-spo-6-pol-a6-not/busca/Nascimento,https://acervo.estadao.com.br/procura/busca.php?&busca=Carlos+Nascimento&decade=2010%7C2010&page=274
estadao,Carlos Fernando da Costa Almeida de Paiva Nascimento,Carlos+Nascimento,274,"08/12/2011, QUINTA-FEIRA, PÁGINA a2",https://acervo.estadao.com.br/pagina/#!/20111208-43150-nac-2-opi-a2-not/busca/Nascimento,https://acervo.estadao.com.br/procura/busca.php?&busca=Carlos+Nascimento&decade=2010%7C2010&page=274
estadao,Carlos Fernando da Costa Almeida de Paiva Nascimento,Carlos+Nascimento,274,"08/12/2011, QUINTA-FEIRA, PÁGINA b16",https://acervo.estadao.com.br/pagina/#!/20111208-43150-nac-46-eco-b16-not/busca/Nascimento,https://acervo.estadao.com.br/procura/busca.php?&busca=Carlos+Nascimento&decade=2010%7C2010&page=274
estadao,Carlos Fernando da Costa Almeida de Paiva Nascimento,Carlos+Nascimento,274,"08/12/2011, QUINTA-FEIRA, PÁGINA a2",https://acervo.estadao.com.br/pagina/#!/20111208-43150-spo-2-opi-a2-not/busca/Nascimento,https://acervo.estadao.com.br/procura/busca.php?&busca=Carlos+Nascimento&decade=2010%7C2010&page=274
estadao,Carlos Fernando da Costa Almeida de Paiva Nascimento,Carlos+Nascimento,274,"08/12/2011, QUINTA-FEIRA, PÁGINA b16",https://acervo.estadao.com.br/pagina/#!/20111208-43150-spo-46-eco-b16-not/busca/Nascimento,https://acervo.estadao.com.br/procura/busca.php?&busca=Carlos+Nascimento&decade=2010%7C2010&page=274
estadao,Carlos Fernando da Costa Almeida de Paiva Nascimento,Carlos+Nascimento,274,"17/11/2011, QUINTA-FEIRA, PÁGINA d2",https://acervo.estadao.com.br/pagina/#!/20111117-43129-nac-86-cd2-d2-not/busca/Nascimento,https://acervo.estadao.com.br/procura/busca.php?&busca=Carlos+Nascimento&decade=2010%7C2010&page=274
estadao,Carlos Fernando da Costa Almeida de Paiva Nascimento,Carlos+Nascimento,274,"17/11/2011, QUINTA-FEIRA, PÁGINA d2",https://acervo.estadao.com.br/pagina/#!/20111117-43129-spo-88-cd2-d2-not/busca/Nascimento,https://acervo.estadao.com.br/procura/busca.php?&busca=Carlos+Nascimento&decade=2010%7C2010&page=274
estadao,Carlos Fernando da Costa Almeida de Paiva Nascimento,Carlos+Nascimento,274,"18/11/2011, SEXTA-FEIRA, PÁGINA a4",https://acervo.estadao.com.br/pagina/#!/20111118-43130-nac-4-pol-a4-not/busca/Nascimento,https://acervo.estadao.com.br/procura/busca.php?&busca=Carlos+Nascimento&decade=2010%7C2010&page=274
estadao,Carlos Fernando da Costa Almeida de Paiva Nascimento,Carlos+Nascimento,275,"19/11/2011, SÁBADO, PÁGINA a6",https://acervo.estadao.com.br/pagina/#!/20111119-43131-nac-6-pol-a6-not/busca/Nascimento,https://acervo.estadao.com.br/procura/busca.php?&busca=Carlos+Nascimento&decade=2010%7C2010&page=275
estadao,Carlos Fernando da Costa Almeida de Paiva Nascimento,Carlos+Nascimento,275,"19/11/2011, SÁBADO, PÁGINA ci8",https://acervo.estadao.com.br/pagina/#!/20111119-43131-nac-85-imo-ci8-not/busca/NASCIMENTO,https://acervo.estadao.com.br/procura/busca.php?&busca=Carlos+Nascimento&decade=2010%7C2010&page=275
estadao,Carlos Fernando da Costa Almeida de Paiva Nascimento,Carlos+Nascimento,275,"19/11/2011, SÁBADO, PÁGINA a6",https://acervo.estadao.com.br/pagina/#!/20111119-43131-spo-6-pol-a6-not/busca/Nascimento,https://acervo.estadao.com.br/procura/busca.php?&busca=Carlos+Nascimento&decade=2010%7C2010&page=275
estadao,Carlos Fernando da Costa Almeida de Paiva Nascimento,Carlos+Nascimento,275,"19/11/2011, SÁBADO, PÁGINA ci8",https://acervo.estadao.com.br/pagina/#!/20111119-43131-spo-100-imo-ci8-not/busca/NASCIMENTO,https://acervo.estadao.com.br/procura/busca.php?&busca=Carlos+Nascimento&decade=2010%7C2010&page=275
estadao,Carlos Fernando da Costa Almeida de Paiva Nascimento,Carlos+Nascimento,275,"21/11/2011, SEGUNDA-FEIRA, PÁGINA c4",https://acervo.estadao.com.br/pagina/#!/20111121-43133-nac-32-cid-c4-not/busca/Nascimento,https://acervo.estadao.com.br/procura/busca.php?&busca=Carlos+Nascimento&decade=2010%7C2010&page=275
estadao,Carlos Fernando da Costa Almeida de Paiva Nascimento,Carlos+Nascimento,275,"21/11/2011, SEGUNDA-FEIRA, PÁGINA c4",https://acervo.estadao.com.br/pagina/#!/20111121-43133-spo-32-cid-c4-not/busca/Nascimento,https://acervo.estadao.com.br/procura/busca.php?&busca=Carlos+Nascimento&decade=2010%7C2010&page=275
estadao,Carlos Fernando da Costa Almeida de Paiva Nascimento,Carlos+Nascimento,275,"26/11/2011, SÁBADO, PÁGINA a12",https://acervo.estadao.com.br/pagina/#!/20111126-43138-nac-12-pol-a12-not/busca/Nascimento+Carlos,https://acervo.estadao.com.br/procura/busca.php?&busca=Carlos+Nascimento&decade=2010%7C2010&page=275
estadao,Carlos Fernando da Costa Almeida de Paiva Nascimento,Carlos+Nascimento,275,"10/02/2011, QUINTA-FEIRA, PÁGINA c8",https://acervo.estadao.com.br/pagina/#!/20110210-42849-spo-41-cid-c8-not/busca/Nascimento,https://acervo.estadao.com.br/procura/busca.php?&busca=Carlos+Nascimento&decade=2010%7C2010&page=275
estadao,Carlos Fernando da Costa Almeida de Paiva Nascimento,Carlos+Nascimento,275,"26/02/2011, SÁBADO, PÁGINA a3",https://acervo.estadao.com.br/pagina/#!/20110226-42865-spo-3-edi-a3-not/busca/nascimento,https://acervo.estadao.com.br/procura/busca.php?&busca=Carlos+Nascimento&decade=2010%7C2010&page=275
estadao,Carlos Fernando da Costa Almeida de Paiva Nascimento,Carlos+Nascimento,275,"26/02/2011, SÁBADO, PÁGINA a3",https://acervo.estadao.com.br/pagina/#!/20110226-42865-nac-3-edi-a3-not/busca/nascimento,https://acervo.estadao.com.br/procura/busca.php?&busca=Carlos+Nascimento&decade=2010%7C2010&page=275
estadao,Carlos Fernando da Costa Almeida de Paiva Nascimento,Carlos+Nascimento,276,"19/02/2011, SÁBADO, PÁGINA a19",https://acervo.estadao.com.br/pagina/#!/20110219-42858-spo-18-ger-a19-not/busca/nascimento,https://acervo.estadao.com.br/procura/busca.php?&busca=Carlos+Nascimento&decade=2010%7C2010&page=276
estadao,Carlos Fernando da Costa Almeida de Paiva Nascimento,Carlos+Nascimento,276,"19/02/2011, SÁBADO, PÁGINA d5",https://acervo.estadao.com.br/pagina/#!/20110219-42858-spo-89-cd2-d5-not/busca/nascimento,https://acervo.estadao.com.br/procura/busca.php?&busca=Carlos+Nascimento&decade=2010%7C2010&page=276
estadao,Carlos Fernando da Costa Almeida de Paiva Nascimento,Carlos+Nascimento,276,"19/02/2011, SÁBADO, PÁGINA d5",https://acervo.estadao.com.br/pagina/#!/20110219-42858-nac-89-cd2-d5-not/busca/nascimento,https://acervo.estadao.com.br/procura/busca.php?&busca=Carlos+Nascimento&decade=2010%7C2010&page=276
estadao,Carlos Fernando da Costa Almeida de Paiva Nascimento,Carlos+Nascimento,276,"19/02/2011, SÁBADO, PÁGINA a19",https://acervo.estadao.com.br/pagina/#!/20110219-42858-nac-18-ger-a19-not/busca/nascimento,https://acervo.estadao.com.br/procura/busca.php?&busca=Carlos+Nascimento&decade=2010%7C2010&page=276
estadao,Carlos Fernando da Costa Almeida de Paiva Nascimento,Carlos+Nascimento,276,"31/07/2010, SÁBADO, PÁGINA d4",https://acervo.estadao.com.br/pagina/#!/20100731-42655-spo-96-cd2-d4-not/busca/Nascimento,https://acervo.estadao.com.br/procura/busca.php?&busca=Carlos+Nascimento&decade=2010%7C2010&page=276
estadao,Carlos Fernando da Costa Almeida de Paiva Nascimento,Carlos+Nascimento,276,"31/07/2010, SÁBADO, PÁGINA d4",https://acervo.estadao.com.br/pagina/#!/20100731-42655-nac-96-cd2-d4-not/busca/Nascimento,https://acervo.estadao.com.br/procura/busca.php?&busca=Carlos+Nascimento&decade=2010%7C2010&page=276
estadao,Carlos Fernando da Costa Almeida de Paiva Nascimento,Carlos+Nascimento,276,"27/02/2011, DOMINGO, PÁGINA ce12",https://acervo.estadao.com.br/pagina/#!/20110227-42866-spo-89-emp-ce12-not/busca/Nascimento,https://acervo.estadao.com.br/procura/busca.php?&busca=Carlos+Nascimento&decade=2010%7C2010&page=276
estadao,Carlos Fernando da Costa Almeida de Paiva Nascimento,Carlos+Nascimento,276,"27/02/2011, DOMINGO, PÁGINA ce12",https://acervo.estadao.com.br/pagina/#!/20110227-42866-nac-89-emp-ce12-not/busca/Nascimento,https://acervo.estadao.com.br/procura/busca.php?&busca=Carlos+Nascimento&decade=2010%7C2010&page=276
estadao,Carlos Fernando da Costa Almeida de Paiva Nascimento,Carlos+Nascimento,276,"13/07/2011, QUARTA-FEIRA, PÁGINA c10",https://acervo.estadao.com.br/pagina/#!/20110713-43002-spo-45-cid-c10-not/busca/Nascimento,https://acervo.estadao.com.br/procura/busca.php?&busca=Carlos+Nascimento&decade=2010%7C2010&page=276
estadao,Carlos Fernando da Costa Almeida de Paiva Nascimento,Carlos+Nascimento,276,"13/07/2011, QUARTA-FEIRA, PÁGINA c4",https://acervo.estadao.com.br/pagina/#!/20110713-43002-nac-39-cid-c4-not/busca/Nascimento,https://acervo.estadao.com.br/procura/busca.php?&busca=Carlos+Nascimento&decade=2010%7C2010&page=276
estadao,Carlos Fernando da Costa Almeida de Paiva Nascimento,Carlos+Nascimento,277,"24/08/2011, QUARTA-FEIRA, PÁGINA b7",https://acervo.estadao.com.br/pagina/#!/20110824-43044-nac-27-eco-b7-not/busca/Nascimento,https://acervo.estadao.com.br/procura/busca.php?&busca=Carlos+Nascimento&decade=2010%7C2010&page=277
estadao,Carlos Fernando da Costa Almeida de Paiva Nascimento,Carlos+Nascimento,277,"07/08/2011, DOMINGO, PÁGINA e4",https://acervo.estadao.com.br/pagina/#!/20110807-43027-spo-163-esp-e4-not/busca/nascimento,https://acervo.estadao.com.br/procura/busca.php?&busca=Carlos+Nascimento&decade=2010%7C2010&page=277
estadao,Carlos Fernando da Costa Almeida de Paiva Nascimento,Carlos+Nascimento,277,"07/08/2011, DOMINGO, PÁGINA e4",https://acervo.estadao.com.br/pagina/#!/20110807-43027-nac-163-esp-e4-not/busca/nascimento,https://acervo.estadao.com.br/procura/busca.php?&busca=Carlos+Nascimento&decade=2010%7C2010&page=277
estadao,Carlos Fernando da Costa Almeida de Paiva Nascimento,Carlos+Nascimento,277,"08/08/2011, SEGUNDA-FEIRA, PÁGINA a2",https://acervo.estadao.com.br/pagina/#!/20110808-43028-nac-2-opi-a2-not/busca/Nascimento,https://acervo.estadao.com.br/procura/busca.php?&busca=Carlos+Nascimento&decade=2010%7C2010&page=277
estadao,Carlos Fernando da Costa Almeida de Paiva Nascimento,Carlos+Nascimento,277,"11/05/2010, TERÇA-FEIRA, PÁGINA a3",https://acervo.estadao.com.br/pagina/#!/20100511-42574-spo-3-edi-a3-not/busca/NASCIMENTO,https://acervo.estadao.com.br/procura/busca.php?&busca=Carlos+Nascimento&decade=2010%7C2010&page=277
estadao,Carlos Fernando da Costa Almeida de Paiva Nascimento,Carlos+Nascimento,277,"11/05/2010, TERÇA-FEIRA, PÁGINA a3",https://acervo.estadao.com.br/pagina/#!/20100511-42574-nac-3-edi-a3-not/busca/NASCIMENTO,https://acervo.estadao.com.br/procura/busca.php?&busca=Carlos+Nascimento&decade=2010%7C2010&page=277
estadao,Carlos Fernando da Costa Almeida de Paiva Nascimento,Carlos+Nascimento,278,"30/07/2011, SÁBADO, PÁGINA d6",https://acervo.estadao.com.br/pagina/#!/20110730-43019-nac-92-cd2-d6-not/busca/nascimento,https://acervo.estadao.com.br/procura/busca.php?&busca=Carlos+Nascimento&decade=2010%7C2010&page=278
estadao,Carlos Fernando da Costa Almeida de Paiva Nascimento,Carlos+Nascimento,278,"30/07/2011, SÁBADO, PÁGINA d6",https://acervo.estadao.com.br/pagina/#!/20110730-43019-spo-92-cd2-d6-not/busca/nascimento,https://acervo.estadao.com.br/procura/busca.php?&busca=Carlos+Nascimento&decade=2010%7C2010&page=278
estadao,Carlos Fernando da Costa Almeida de Paiva Nascimento,Carlos+Nascimento,278,"08/07/2011, SEXTA-FEIRA, PÁGINA a8",https://acervo.estadao.com.br/pagina/#!/20110708-42997-spo-8-pol-a8-not/busca/Nascimento,https://acervo.estadao.com.br/procura/busca.php?&busca=Carlos+Nascimento&decade=2010%7C2010&page=278
estadao,Carlos Fernando da Costa Almeida de Paiva Nascimento,Carlos+Nascimento,278,"15/10/2011, SÁBADO, PÁGINA ci7",https://acervo.estadao.com.br/pagina/#!/20111015-43096-nac-73-imo-ci7-not/busca/Nascimento,https://acervo.estadao.com.br/procura/busca.php?&busca=Carlos+Nascimento&decade=2010%7C2010&page=278
estadao,Carlos Fernando da Costa Almeida de Paiva Nascimento,Carlos+Nascimento,278,"30/04/2011, SÁBADO, PÁGINA c6",https://acervo.estadao.com.br/pagina/#!/20110430-42928-nac-59-cid-c6-not/busca/Nascimento,https://acervo.estadao.com.br/procura/busca.php?&busca=Carlos+Nascimento&decade=2010%7C2010&page=278
estadao,Carlos Fernando da Costa Almeida de Paiva Nascimento,Carlos+Nascimento,278,"09/01/2011, DOMINGO, PÁGINA d3",https://acervo.estadao.com.br/pagina/#!/20110109-42817-nac-119-cd2-d3-not/busca/nascimento,https://acervo.estadao.com.br/procura/busca.php?&busca=Carlos+Nascimento&decade=2010%7C2010&page=278
estadao,Carlos Fernando da Costa Almeida de Paiva Nascimento,Carlos+Nascimento,278,"20/01/2011, QUINTA-FEIRA, PÁGINA b6",https://acervo.estadao.com.br/pagina/#!/20110120-42828-spo-22-eco-b6-not/busca/Nascimento,https://acervo.estadao.com.br/procura/busca.php?&busca=Carlos+Nascimento&decade=2010%7C2010&page=278
estadao,Carlos Fernando da Costa Almeida de Paiva Nascimento,Carlos+Nascimento,278,"03/04/2011, DOMINGO, PÁGINA d2",https://acervo.estadao.com.br/pagina/#!/20110403-42901-nac-159-cd2-d2-not/busca/NASCIMENTO,https://acervo.estadao.com.br/procura/busca.php?&busca=Carlos+Nascimento&decade=2010%7C2010&page=278
estadao,Carlos Fernando da Costa Almeida de Paiva Nascimento,Carlos+Nascimento,278,"15/10/2011, SÁBADO, PÁGINA a2",https://acervo.estadao.com.br/pagina/#!/20111015-43096-spo-2-opi-a2-not/busca/Nascimento,https://acervo.estadao.com.br/procura/busca.php?&busca=Carlos+Nascimento&decade=2010%7C2010&page=278
estadao,Carlos Fernando da Costa Almeida de Paiva Nascimento,Carlos+Nascimento,278,"27/10/2011, QUINTA-FEIRA, PÁGINA a19",https://acervo.estadao.com.br/pagina/#!/20111027-43108-spo-16-int-a19-not/busca/Nascimento,https://acervo.estadao.com.br/procura/busca.php?&busca=Carlos+Nascimento&decade=2010%7C2010&page=278
estadao,Carlos Fernando da Costa Almeida de Paiva Nascimento,Carlos+Nascimento,279,"31/07/2017, SEGUNDA-FEIRA, PÁGINA h29",https://acervo.estadao.com.br/pagina/#!/20170731-45212-nac-75-pme-h29-not/busca/Nascimento,https://acervo.estadao.com.br/procura/busca.php?&busca=Carlos+Nascimento&decade=2010%7C2010&page=279
estadao,Carlos Fernando da Costa Almeida de Paiva Nascimento,Carlos+Nascimento,279,"31/07/2017, SEGUNDA-FEIRA, PÁGINA h29",https://acervo.estadao.com.br/pagina/#!/20170731-45212-spo-75-pme-h29-not/busca/Nascimento,https://acervo.estadao.com.br/procura/busca.php?&busca=Carlos+Nascimento&decade=2010%7C2010&page=279
estadao,Carlos Fernando da Costa Almeida de Paiva Nascimento,Carlos+Nascimento,279,"14/10/2016, SEXTA-FEIRA, PÁGINA a14",https://acervo.estadao.com.br/pagina/#!/20161014-44922-nac-13-mrt-a14-not/busca/Nascimento,https://acervo.estadao.com.br/procura/busca.php?&busca=Carlos+Nascimento&decade=2010%7C2010&page=279
estadao,Carlos Fernando da Costa Almeida de Paiva Nascimento,Carlos+Nascimento,279,"24/02/2013, DOMINGO, PÁGINA co7",https://acervo.estadao.com.br/pagina/#!/20130224-43594-nac-111-opr-co7-not/busca/Nascimento,https://acervo.estadao.com.br/procura/busca.php?&busca=Carlos+Nascimento&decade=2010%7C2010&page=279
estadao,Carlos Fernando da Costa Almeida de Paiva Nascimento,Carlos+Nascimento,279,"24/02/2013, DOMINGO, PÁGINA co7",https://acervo.estadao.com.br/pagina/#!/20130224-43594-spo-111-opr-co7-not/busca/Nascimento,https://acervo.estadao.com.br/procura/busca.php?&busca=Carlos+Nascimento&decade=2010%7C2010&page=279
estadao,Carlos Fernando da Costa Almeida de Paiva Nascimento,Carlos+Nascimento,279,"11/05/2018, SEXTA-FEIRA, PÁGINA a20",https://acervo.estadao.com.br/pagina/#!/20180511-45496-nac-20-mrt-a20-not/busca/NASCIMENTO,https://acervo.estadao.com.br/procura/busca.php?&busca=Carlos+Nascimento&decade=2010%7C2010&page=279
estadao,Carlos Fernando da Costa Almeida de Paiva Nascimento,Carlos+Nascimento,279,"26/10/2016, QUARTA-FEIRA, PÁGINA a8",https://acervo.estadao.com.br/pagina/#!/20161026-44934-nac-8-pol-a8-not/busca/Nascimento,https://acervo.estadao.com.br/procura/busca.php?&busca=Carlos+Nascimento&decade=2010%7C2010&page=279
estadao,Carlos Fernando da Costa Almeida de Paiva Nascimento,Carlos+Nascimento,279,"11/05/2018, SEXTA-FEIRA, PÁGINA a20",https://acervo.estadao.com.br/pagina/#!/20180511-45496-spo-20-mrt-a20-not/busca/NASCIMENTO,https://acervo.estadao.com.br/procura/busca.php?&busca=Carlos+Nascimento&decade=2010%7C2010&page=279
estadao,Carlos Fernando da Costa Almeida de Paiva Nascimento,Carlos+Nascimento,279,"25/06/2018, SEGUNDA-FEIRA, PÁGINA a4",https://acervo.estadao.com.br/pagina/#!/20180625-45541-nac-4-pol-a4-not/busca/Nascimento,https://acervo.estadao.com.br/procura/busca.php?&busca=Carlos+Nascimento&decade=2010%7C2010&page=279
estadao,Carlos Fernando da Costa Almeida de Paiva Nascimento,Carlos+Nascimento,279,"25/06/2018, SEGUNDA-FEIRA, PÁGINA a4",https://acervo.estadao.com.br/pagina/#!/20180625-45541-spo-4-pol-a4-not/busca/Nascimento,https://acervo.estadao.com.br/procura/busca.php?&busca=Carlos+Nascimento&decade=2010%7C2010&page=279
estadao,Carlos Fernando da Costa Almeida de Paiva Nascimento,Carlos+Nascimento,280,"23/10/2010, SÁBADO, PÁGINA d16",https://acervo.estadao.com.br/pagina/#!/20101023-42739-nac-119-cd2-d16-not/busca/Nascimento,https://acervo.estadao.com.br/procura/busca.php?&busca=Carlos+Nascimento&decade=2010%7C2010&page=280
estadao,Carlos Fernando da Costa Almeida de Paiva Nascimento,Carlos+Nascimento,280,"20/07/2010, TERÇA-FEIRA, PÁGINA a3",https://acervo.estadao.com.br/pagina/#!/20100720-42644-spo-3-edi-a3-not/busca/NASCIMENTO,https://acervo.estadao.com.br/procura/busca.php?&busca=Carlos+Nascimento&decade=2010%7C2010&page=280
estadao,Carlos Fernando da Costa Almeida de Paiva Nascimento,Carlos+Nascimento,280,"22/11/2010, SEGUNDA-FEIRA, PÁGINA a12",https://acervo.estadao.com.br/pagina/#!/20101122-42769-nac-11-int-a12-not/busca/nascimento,https://acervo.estadao.com.br/procura/busca.php?&busca=Carlos+Nascimento&decade=2010%7C2010&page=280
estadao,Carlos Fernando da Costa Almeida de Paiva Nascimento,Carlos+Nascimento,280,"12/12/2010, DOMINGO, PÁGINA d17",https://acervo.estadao.com.br/pagina/#!/20101212-42789-nac-194-cd2-d17-not/busca/nascimento,https://acervo.estadao.com.br/procura/busca.php?&busca=Carlos+Nascimento&decade=2010%7C2010&page=280
estadao,Carlos Fernando da Costa Almeida de Paiva Nascimento,Carlos+Nascimento,280,"24/10/2010, DOMINGO, PÁGINA e6",https://acervo.estadao.com.br/pagina/#!/20101024-42740-nac-142-esp-e6-not/busca/nascimento,https://acervo.estadao.com.br/procura/busca.php?&busca=Carlos+Nascimento&decade=2010%7C2010&page=280
estadao,Carlos Fernando da Costa Almeida de Paiva Nascimento,Carlos+Nascimento,280,"21/03/2010, DOMINGO, PÁGINA co6",https://acervo.estadao.com.br/pagina/#!/20100321-42523-spo-175-opr-co6-not/busca/Nascimento,https://acervo.estadao.com.br/procura/busca.php?&busca=Carlos+Nascimento&decade=2010%7C2010&page=280
estadao,Carlos Fernando da Costa Almeida de Paiva Nascimento,Carlos+Nascimento,280,"21/03/2010, DOMINGO, PÁGINA co6",https://acervo.estadao.com.br/pagina/#!/20100321-42523-nac-175-opr-co6-not/busca/Nascimento,https://acervo.estadao.com.br/procura/busca.php?&busca=Carlos+Nascimento&decade=2010%7C2010&page=280
estadao,Carlos Fernando da Costa Almeida de Paiva Nascimento,Carlos+Nascimento,280,"14/03/2010, DOMINGO, PÁGINA a3",https://acervo.estadao.com.br/pagina/#!/20100314-42516-nac-3-edi-a3-not/busca/nascimento,https://acervo.estadao.com.br/procura/busca.php?&busca=Carlos+Nascimento&decade=2010%7C2010&page=280
estadao,Carlos Fernando da Costa Almeida de Paiva Nascimento,Carlos+Nascimento,281,"17/04/2010, SÁBADO, PÁGINA a3",https://acervo.estadao.com.br/pagina/#!/20100417-42550-nac-3-edi-a3-not/busca/Nascimento,https://acervo.estadao.com.br/procura/busca.php?&busca=Carlos+Nascimento&decade=2010%7C2010&page=281
estadao,Carlos Fernando da Costa Almeida de Paiva Nascimento,Carlos+Nascimento,281,"15/03/2010, SEGUNDA-FEIRA, PÁGINA d6",https://acervo.estadao.com.br/pagina/#!/20100315-42517-nac-47-cd2-d6-not/busca/nascimento,https://acervo.estadao.com.br/procura/busca.php?&busca=Carlos+Nascimento&decade=2010%7C2010&page=281
estadao,Carlos Fernando da Costa Almeida de Paiva Nascimento,Carlos+Nascimento,281,"23/12/2010, QUINTA-FEIRA, PÁGINA c8",https://acervo.estadao.com.br/pagina/#!/20101223-42800-spo-49-cid-c8-not/busca/Nascimento,https://acervo.estadao.com.br/procura/busca.php?&busca=Carlos+Nascimento&decade=2010%7C2010&page=281
estadao,Carlos Fernando da Costa Almeida de Paiva Nascimento,Carlos+Nascimento,281,"22/08/2010, DOMINGO, PÁGINA ce10",https://acervo.estadao.com.br/pagina/#!/20100822-42677-nac-89-emp-ce10-not/busca/Nascimento,https://acervo.estadao.com.br/procura/busca.php?&busca=Carlos+Nascimento&decade=2010%7C2010&page=281
estadao,Carlos Fernando da Costa Almeida de Paiva Nascimento,Carlos+Nascimento,281,"01/10/2011, SÁBADO, PÁGINA a3",https://acervo.estadao.com.br/pagina/#!/20111001-43082-spo-3-edi-a3-not/busca/nascimento,https://acervo.estadao.com.br/procura/busca.php?&busca=Carlos+Nascimento&decade=2010%7C2010&page=281
estadao,Carlos Fernando da Costa Almeida de Paiva Nascimento,Carlos+Nascimento,281,"11/10/2011, TERÇA-FEIRA, PÁGINA a8",https://acervo.estadao.com.br/pagina/#!/20111011-43092-spo-8-pol-a8-not/busca/nascimento,https://acervo.estadao.com.br/procura/busca.php?&busca=Carlos+Nascimento&decade=2010%7C2010&page=281
estadao,Carlos Fernando da Costa Almeida de Paiva Nascimento,Carlos+Nascimento,281,"23/03/2011, QUARTA-FEIRA, PÁGINA b13",https://acervo.estadao.com.br/pagina/#!/20110323-42890-spo-32-eco-b13-not/busca/nascimento,https://acervo.estadao.com.br/procura/busca.php?&busca=Carlos+Nascimento&decade=2010%7C2010&page=281
estadao,Carlos Fernando da Costa Almeida de Paiva Nascimento,Carlos+Nascimento,281,"23/03/2011, QUARTA-FEIRA, PÁGINA b13",https://acervo.estadao.com.br/pagina/#!/20110323-42890-nac-32-eco-b13-not/busca/nascimento,https://acervo.estadao.com.br/procura/busca.php?&busca=Carlos+Nascimento&decade=2010%7C2010&page=281
estadao,Carlos Fernando da Costa Almeida de Paiva Nascimento,Carlos+Nascimento,282,"03/11/2017, SEXTA-FEIRA, PÁGINA ee11",https://acervo.estadao.com.br/pagina/#!/20171103-45307-spo-39-epl-ee11-not/busca/Nascimento,https://acervo.estadao.com.br/procura/busca.php?&busca=Carlos+Nascimento&decade=2010%7C2010&page=282
estadao,Carlos Fernando da Costa Almeida de Paiva Nascimento,Carlos+Nascimento,282,"06/06/2018, QUARTA-FEIRA, PÁGINA a6",https://acervo.estadao.com.br/pagina/#!/20180606-45522-nac-6-pol-a6-not/busca/Nascimento,https://acervo.estadao.com.br/procura/busca.php?&busca=Carlos+Nascimento&decade=2010%7C2010&page=282
estadao,Carlos Fernando da Costa Almeida de Paiva Nascimento,Carlos+Nascimento,282,"06/06/2018, QUARTA-FEIRA, PÁGINA a6",https://acervo.estadao.com.br/pagina/#!/20180606-45522-spo-6-pol-a6-not/busca/Nascimento,https://acervo.estadao.com.br/procura/busca.php?&busca=Carlos+Nascimento&decade=2010%7C2010&page=282
estadao,Carlos Fernando da Costa Almeida de Paiva Nascimento,Carlos+Nascimento,282,"16/03/2013, SÁBADO, PÁGINA d5",https://acervo.estadao.com.br/pagina/#!/20130316-43614-spo-100-cd2-d5-not/busca/NASCIMENTO,https://acervo.estadao.com.br/procura/busca.php?&busca=Carlos+Nascimento&decade=2010%7C2010&page=282
estadao,Carlos Fernando da Costa Almeida de Paiva Nascimento,Carlos+Nascimento,282,"18/03/2013, SEGUNDA-FEIRA, PÁGINA d7",https://acervo.estadao.com.br/pagina/#!/20130318-43616-nac-35-cd2-d7-not/busca/Nascimento,https://acervo.estadao.com.br/procura/busca.php?&busca=Carlos+Nascimento&decade=2010%7C2010&page=282
estadao,Carlos Fernando da Costa Almeida de Paiva Nascimento,Carlos+Nascimento,282,"18/03/2013, SEGUNDA-FEIRA, PÁGINA d7",https://acervo.estadao.com.br/pagina/#!/20130318-43616-spo-37-cd2-d7-not/busca/Nascimento,https://acervo.estadao.com.br/procura/busca.php?&busca=Carlos+Nascimento&decade=2010%7C2010&page=282
estadao,Carlos Fernando da Costa Almeida de Paiva Nascimento,Carlos+Nascimento,282,"22/03/2013, SEXTA-FEIRA, PÁGINA d11",https://acervo.estadao.com.br/pagina/#!/20130322-43620-nac-52-cd2-d11-not/busca/Nascimento,https://acervo.estadao.com.br/procura/busca.php?&busca=Carlos+Nascimento&decade=2010%7C2010&page=282
estadao,Carlos Fernando da Costa Almeida de Paiva Nascimento,Carlos+Nascimento,282,"10/12/2016, SÁBADO, PÁGINA a20",https://acervo.estadao.com.br/pagina/#!/20161210-44979-nac-19-mrt-a20-not/busca/Nascimento,https://acervo.estadao.com.br/procura/busca.php?&busca=Carlos+Nascimento&decade=2010%7C2010&page=282
estadao,Carlos Fernando da Costa Almeida de Paiva Nascimento,Carlos+Nascimento,282,"10/12/2016, SÁBADO, PÁGINA a20",https://acervo.estadao.com.br/pagina/#!/20161210-44979-spo-19-mrt-a20-not/busca/Nascimento,https://acervo.estadao.com.br/procura/busca.php?&busca=Carlos+Nascimento&decade=2010%7C2010&page=282
estadao,Carlos Fernando da Costa Almeida de Paiva Nascimento,Carlos+Nascimento,282,"22/03/2013, SEXTA-FEIRA, PÁGINA d11",https://acervo.estadao.com.br/pagina/#!/20130322-43620-spo-54-cd2-d11-not/busca/Nascimento,https://acervo.estadao.com.br/procura/busca.php?&busca=Carlos+Nascimento&decade=2010%7C2010&page=282
estadao,Carlos Fernando da Costa Almeida de Paiva Nascimento,Carlos+Nascimento,283,"26/03/2013, TERÇA-FEIRA, PÁGINA b11",https://acervo.estadao.com.br/pagina/#!/20130326-43624-nac-25-eco-b11-not/busca/Nascimento,https://acervo.estadao.com.br/procura/busca.php?&busca=Carlos+Nascimento&decade=2010%7C2010&page=283
estadao,Carlos Fernando da Costa Almeida de Paiva Nascimento,Carlos+Nascimento,283,"28/02/2013, QUINTA-FEIRA, PÁGINA y34",https://acervo.estadao.com.br/pagina/#!/20130228-43598-spo-123-eco-y34-not/busca/Nascimento,https://acervo.estadao.com.br/procura/busca.php?&busca=Carlos+Nascimento&decade=2010%7C2010&page=283
estadao,Carlos Fernando da Costa Almeida de Paiva Nascimento,Carlos+Nascimento,283,"26/10/2016, QUARTA-FEIRA, PÁGINA a8",https://acervo.estadao.com.br/pagina/#!/20161026-44934-spo-8-pol-a8-not/busca/Nascimento,https://acervo.estadao.com.br/procura/busca.php?&busca=Carlos+Nascimento&decade=2010%7C2010&page=283
estadao,Carlos Fernando da Costa Almeida de Paiva Nascimento,Carlos+Nascimento,283,"28/10/2016, SEXTA-FEIRA, PÁGINA q28",https://acervo.estadao.com.br/pagina/#!/20161028-44936-nac-123-gui-q28-not/busca/Nascimento,https://acervo.estadao.com.br/procura/busca.php?&busca=Carlos+Nascimento&decade=2010%7C2010&page=283
estadao,Carlos Fernando da Costa Almeida de Paiva Nascimento,Carlos+Nascimento,283,"28/10/2016, SEXTA-FEIRA, PÁGINA q28",https://acervo.estadao.com.br/pagina/#!/20161028-44936-spo-123-gui-q28-not/busca/Nascimento,https://acervo.estadao.com.br/procura/busca.php?&busca=Carlos+Nascimento&decade=2010%7C2010&page=283
estadao,Carlos Fernando da Costa Almeida de Paiva Nascimento,Carlos+Nascimento,283,"15/05/2018, TERÇA-FEIRA, PÁGINA c6",https://acervo.estadao.com.br/pagina/#!/20180515-45500-nac-36-cd2-c6-not/busca/Nascimento,https://acervo.estadao.com.br/procura/busca.php?&busca=Carlos+Nascimento&decade=2010%7C2010&page=283
estadao,Carlos Fernando da Costa Almeida de Paiva Nascimento,Carlos+Nascimento,283,"15/05/2018, TERÇA-FEIRA, PÁGINA c6",https://acervo.estadao.com.br/pagina/#!/20180515-45500-spo-36-cd2-c6-not/busca/Nascimento,https://acervo.estadao.com.br/procura/busca.php?&busca=Carlos+Nascimento&decade=2010%7C2010&page=283
estadao,Carlos Fernando da Costa Almeida de Paiva Nascimento,Carlos+Nascimento,283,"26/03/2013, TERÇA-FEIRA, PÁGINA b11",https://acervo.estadao.com.br/pagina/#!/20130326-43624-spo-25-eco-b11-not/busca/Nascimento,https://acervo.estadao.com.br/procura/busca.php?&busca=Carlos+Nascimento&decade=2010%7C2010&page=283
estadao,Carlos Fernando da Costa Almeida de Paiva Nascimento,Carlos+Nascimento,283,"26/03/2013, TERÇA-FEIRA, PÁGINA b13",https://acervo.estadao.com.br/pagina/#!/20130326-43624-spo-27-eco-b13-not/busca/Nascimento,https://acervo.estadao.com.br/procura/busca.php?&busca=Carlos+Nascimento&decade=2010%7C2010&page=283
estadao,Carlos Fernando da Costa Almeida de Paiva Nascimento,Carlos+Nascimento,283,"23/12/2016, SEXTA-FEIRA, PÁGINA b1",https://acervo.estadao.com.br/pagina/#!/20161223-44992-spo-18-eco-b1-not/busca/nascimento,https://acervo.estadao.com.br/procura/busca.php?&busca=Carlos+Nascimento&decade=2010%7C2010&page=283
estadao,Carlos Fernando da Costa Almeida de Paiva Nascimento,Carlos+Nascimento,284,"27/12/2016, TERÇA-FEIRA, PÁGINA a13",https://acervo.estadao.com.br/pagina/#!/20161227-44996-nac-12-mrt-a13-not/busca/Nascimento,https://acervo.estadao.com.br/procura/busca.php?&busca=Carlos+Nascimento&decade=2010%7C2010&page=284
estadao,Carlos Fernando da Costa Almeida de Paiva Nascimento,Carlos+Nascimento,284,"27/12/2016, TERÇA-FEIRA, PÁGINA a13",https://acervo.estadao.com.br/pagina/#!/20161227-44996-spo-12-mrt-a13-not/busca/Nascimento,https://acervo.estadao.com.br/procura/busca.php?&busca=Carlos+Nascimento&decade=2010%7C2010&page=284
estadao,Carlos Fernando da Costa Almeida de Paiva Nascimento,Carlos+Nascimento,284,"17/01/2013, QUINTA-FEIRA, PÁGINA a7",https://acervo.estadao.com.br/pagina/#!/20130117-43556-spo-7-pol-a7-not/busca/Nascimento,https://acervo.estadao.com.br/procura/busca.php?&busca=Carlos+Nascimento&decade=2010%7C2010&page=284
estadao,Carlos Fernando da Costa Almeida de Paiva Nascimento,Carlos+Nascimento,284,"29/03/2018, QUINTA-FEIRA, PÁGINA b16",https://acervo.estadao.com.br/pagina/#!/20180329-45453-spo-37-eco-b16-not/busca/Nascimento,https://acervo.estadao.com.br/procura/busca.php?&busca=Carlos+Nascimento&decade=2010%7C2010&page=284
estadao,Carlos Fernando da Costa Almeida de Paiva Nascimento,Carlos+Nascimento,284,"29/03/2018, QUINTA-FEIRA, PÁGINA b16",https://acervo.estadao.com.br/pagina/#!/20180329-45453-nac-37-eco-b16-not/busca/Nascimento,https://acervo.estadao.com.br/procura/busca.php?&busca=Carlos+Nascimento&decade=2010%7C2010&page=284
estadao,Carlos Fernando da Costa Almeida de Paiva Nascimento,Carlos+Nascimento,284,"30/03/2018, SEXTA-FEIRA, PÁGINA c6",https://acervo.estadao.com.br/pagina/#!/20180330-45454-nac-36-cd2-c6-not/busca/Nascimento,https://acervo.estadao.com.br/procura/busca.php?&busca=Carlos+Nascimento&decade=2010%7C2010&page=284
estadao,Carlos Fernando da Costa Almeida de Paiva Nascimento,Carlos+Nascimento,284,"30/03/2018, SEXTA-FEIRA, PÁGINA c6",https://acervo.estadao.com.br/pagina/#!/20180330-45454-spo-42-cd2-c6-not/busca/Nascimento,https://acervo.estadao.com.br/procura/busca.php?&busca=Carlos+Nascimento&decade=2010%7C2010&page=284
estadao,Carlos Fernando da Costa Almeida de Paiva Nascimento,Carlos+Nascimento,284,"22/01/2013, TERÇA-FEIRA, PÁGINA c3",https://acervo.estadao.com.br/pagina/#!/20130122-43561-nac-29-cid-c3-not/busca/Nascimento,https://acervo.estadao.com.br/procura/busca.php?&busca=Carlos+Nascimento&decade=2010%7C2010&page=284
estadao,Carlos Fernando da Costa Almeida de Paiva Nascimento,Carlos+Nascimento,284,"03/08/2016, QUARTA-FEIRA, PÁGINA h8",https://acervo.estadao.com.br/pagina/#!/20160803-44850-nac-70-esp-h8-not/busca/Nascimento,https://acervo.estadao.com.br/procura/busca.php?&busca=Carlos+Nascimento&decade=2010%7C2010&page=284
estadao,Carlos Fernando da Costa Almeida de Paiva Nascimento,Carlos+Nascimento,284,"24/01/2013, QUINTA-FEIRA, PÁGINA e3",https://acervo.estadao.com.br/pagina/#!/20130124-43563-nac-62-esp-e3-not/busca/nascimento,https://acervo.estadao.com.br/procura/busca.php?&busca=Carlos+Nascimento&decade=2010%7C2010&page=284
estadao,Carlos Fernando da Costa Almeida de Paiva Nascimento,Carlos+Nascimento,285,"13/04/2011, QUARTA-FEIRA, PÁGINA d9",https://acervo.estadao.com.br/pagina/#!/20110413-42911-nac-49-cd2-d9-not/busca/Nascimento,https://acervo.estadao.com.br/procura/busca.php?&busca=Carlos+Nascimento&decade=2010%7C2010&page=285
estadao,Carlos Fernando da Costa Almeida de Paiva Nascimento,Carlos+Nascimento,285,"11/04/2011, SEGUNDA-FEIRA, PÁGINA a2",https://acervo.estadao.com.br/pagina/#!/20110411-42909-spo-2-opi-a2-not/busca/Nascimento,https://acervo.estadao.com.br/procura/busca.php?&busca=Carlos+Nascimento&decade=2010%7C2010&page=285
estadao,Carlos Fernando da Costa Almeida de Paiva Nascimento,Carlos+Nascimento,285,"18/09/2011, DOMINGO, PÁGINA c8",https://acervo.estadao.com.br/pagina/#!/20110918-43069-spo-52-cid-c8-not/busca/Nascimento,https://acervo.estadao.com.br/procura/busca.php?&busca=Carlos+Nascimento&decade=2010%7C2010&page=285
estadao,Carlos Fernando da Costa Almeida de Paiva Nascimento,Carlos+Nascimento,285,"31/01/2011, SEGUNDA-FEIRA, PÁGINA c4",https://acervo.estadao.com.br/pagina/#!/20110131-42839-nac-28-cid-c4-not/busca/Nascimento,https://acervo.estadao.com.br/procura/busca.php?&busca=Carlos+Nascimento&decade=2010%7C2010&page=285
estadao,Carlos Fernando da Costa Almeida de Paiva Nascimento,Carlos+Nascimento,285,"14/09/2011, QUARTA-FEIRA, PÁGINA a7",https://acervo.estadao.com.br/pagina/#!/20110914-43065-nac-7-pol-a7-not/busca/NASCIMENTO,https://acervo.estadao.com.br/procura/busca.php?&busca=Carlos+Nascimento&decade=2010%7C2010&page=285
estadao,Carlos Fernando da Costa Almeida de Paiva Nascimento,Carlos+Nascimento,285,"27/01/2011, QUINTA-FEIRA, PÁGINA a5",https://acervo.estadao.com.br/pagina/#!/20110127-42835-spo-5-pol-a5-not/busca/Nascimento,https://acervo.estadao.com.br/procura/busca.php?&busca=Carlos+Nascimento&decade=2010%7C2010&page=285
estadao,Carlos Fernando da Costa Almeida de Paiva Nascimento,Carlos+Nascimento,285,"13/04/2011, QUARTA-FEIRA, PÁGINA d9",https://acervo.estadao.com.br/pagina/#!/20110413-42911-spo-53-cd2-d9-not/busca/Nascimento,https://acervo.estadao.com.br/procura/busca.php?&busca=Carlos+Nascimento&decade=2010%7C2010&page=285
estadao,Carlos Fernando da Costa Almeida de Paiva Nascimento,Carlos+Nascimento,285,"08/06/2010, TERÇA-FEIRA, PÁGINA c4",https://acervo.estadao.com.br/pagina/#!/20100608-42602-nac-38-cid-c4-not/busca/Nascimento,https://acervo.estadao.com.br/procura/busca.php?&busca=Carlos+Nascimento&decade=2010%7C2010&page=285
estadao,Carlos Fernando da Costa Almeida de Paiva Nascimento,Carlos+Nascimento,285,"11/04/2010, DOMINGO, PÁGINA ce10",https://acervo.estadao.com.br/pagina/#!/20100411-42544-spo-86-emp-ce10-not/busca/Nascimento,https://acervo.estadao.com.br/procura/busca.php?&busca=Carlos+Nascimento&decade=2010%7C2010&page=285
estadao,Carlos Fernando da Costa Almeida de Paiva Nascimento,Carlos+Nascimento,286,"18/04/2010, DOMINGO, PÁGINA co5",https://acervo.estadao.com.br/pagina/#!/20100418-42551-spo-154-opr-co5-not/busca/Nascimento,https://acervo.estadao.com.br/procura/busca.php?&busca=Carlos+Nascimento&decade=2010%7C2010&page=286
estadao,Carlos Fernando da Costa Almeida de Paiva Nascimento,Carlos+Nascimento,286,"24/01/2010, DOMINGO, PÁGINA co6",https://acervo.estadao.com.br/pagina/#!/20100124-42467-nac-136-opr-co6-not/busca/Nascimento,https://acervo.estadao.com.br/procura/busca.php?&busca=Carlos+Nascimento&decade=2010%7C2010&page=286
estadao,Carlos Fernando da Costa Almeida de Paiva Nascimento,Carlos+Nascimento,286,"10/08/2010, TERÇA-FEIRA, PÁGINA c4",https://acervo.estadao.com.br/pagina/#!/20100810-42665-spo-41-cid-c4-not/busca/Nascimento,https://acervo.estadao.com.br/procura/busca.php?&busca=Carlos+Nascimento&decade=2010%7C2010&page=286
estadao,Carlos Fernando da Costa Almeida de Paiva Nascimento,Carlos+Nascimento,286,"02/10/2011, DOMINGO, PÁGINA a28",https://acervo.estadao.com.br/pagina/#!/20111002-43083-spo-27-ger-a28-not/busca/NASCIMENTO,https://acervo.estadao.com.br/procura/busca.php?&busca=Carlos+Nascimento&decade=2010%7C2010&page=286
estadao,Carlos Fernando da Costa Almeida de Paiva Nascimento,Carlos+Nascimento,286,"25/10/2011, TERÇA-FEIRA, PÁGINA a20",https://acervo.estadao.com.br/pagina/#!/20111025-43106-spo-19-ger-a20-not/busca/Nascimento,https://acervo.estadao.com.br/procura/busca.php?&busca=Carlos+Nascimento&decade=2010%7C2010&page=286
estadao,Carlos Fernando da Costa Almeida de Paiva Nascimento,Carlos+Nascimento,286,"21/09/2011, QUARTA-FEIRA, PÁGINA d9",https://acervo.estadao.com.br/pagina/#!/20110921-43072-nac-48-cd2-d9-not/busca/Nascimento,https://acervo.estadao.com.br/procura/busca.php?&busca=Carlos+Nascimento&decade=2010%7C2010&page=286
estadao,Carlos Fernando da Costa Almeida de Paiva Nascimento,Carlos+Nascimento,286,"12/12/2010, DOMINGO, PÁGINA d17",https://acervo.estadao.com.br/pagina/#!/20101212-42789-spo-194-cd2-d17-not/busca/nascimento,https://acervo.estadao.com.br/procura/busca.php?&busca=Carlos+Nascimento&decade=2010%7C2010&page=286
estadao,Carlos Fernando da Costa Almeida de Paiva Nascimento,Carlos+Nascimento,286,"24/02/2010, QUARTA-FEIRA, PÁGINA d2",https://acervo.estadao.com.br/pagina/#!/20100224-42498-spo-47-cd2-d2-not/busca/Nascimento,https://acervo.estadao.com.br/procura/busca.php?&busca=Carlos+Nascimento&decade=2010%7C2010&page=286
estadao,Carlos Fernando da Costa Almeida de Paiva Nascimento,Carlos+Nascimento,287,"21/12/2012, SEXTA-FEIRA, PÁGINA a16",https://acervo.estadao.com.br/pagina/#!/20121221-43529-spo-16-ger-a16-not/busca/NASCIMENTO,https://acervo.estadao.com.br/procura/busca.php?&busca=Carlos+Nascimento&decade=2010%7C2010&page=287
estadao,Carlos Fernando da Costa Almeida de Paiva Nascimento,Carlos+Nascimento,287,"22/12/2012, SÁBADO, PÁGINA a2",https://acervo.estadao.com.br/pagina/#!/20121222-43530-nac-2-opi-a2-not/busca/NASCIMENTO,https://acervo.estadao.com.br/procura/busca.php?&busca=Carlos+Nascimento&decade=2010%7C2010&page=287
estadao,Carlos Fernando da Costa Almeida de Paiva Nascimento,Carlos+Nascimento,287,"22/12/2012, SÁBADO, PÁGINA a2",https://acervo.estadao.com.br/pagina/#!/20121222-43530-spo-2-opi-a2-not/busca/NASCIMENTO,https://acervo.estadao.com.br/procura/busca.php?&busca=Carlos+Nascimento&decade=2010%7C2010&page=287
estadao,Carlos Fernando da Costa Almeida de Paiva Nascimento,Carlos+Nascimento,287,"15/06/2016, QUARTA-FEIRA, PÁGINA a17",https://acervo.estadao.com.br/pagina/#!/20160615-44801-spo-17-mrt-a17-not/busca/Nascimento,https://acervo.estadao.com.br/procura/busca.php?&busca=Carlos+Nascimento&decade=2010%7C2010&page=287
estadao,Carlos Fernando da Costa Almeida de Paiva Nascimento,Carlos+Nascimento,287,"26/02/2018, SEGUNDA-FEIRA, PÁGINA a3",https://acervo.estadao.com.br/pagina/#!/20180226-45422-nac-3-edi-a3-not/busca/NASCIMENTO,https://acervo.estadao.com.br/procura/busca.php?&busca=Carlos+Nascimento&decade=2010%7C2010&page=287
estadao,Carlos Fernando da Costa Almeida de Paiva Nascimento,Carlos+Nascimento,287,"26/02/2018, SEGUNDA-FEIRA, PÁGINA a3",https://acervo.estadao.com.br/pagina/#!/20180226-45422-spo-3-edi-a3-not/busca/NASCIMENTO,https://acervo.estadao.com.br/procura/busca.php?&busca=Carlos+Nascimento&decade=2010%7C2010&page=287
estadao,Carlos Fernando da Costa Almeida de Paiva Nascimento,Carlos+Nascimento,287,"11/05/2012, SEXTA-FEIRA, PÁGINA b11",https://acervo.estadao.com.br/pagina/#!/20120511-43305-nac-35-eco-b11-not/busca/Nascimento,https://acervo.estadao.com.br/procura/busca.php?&busca=Carlos+Nascimento&decade=2010%7C2010&page=287
estadao,Carlos Fernando da Costa Almeida de Paiva Nascimento,Carlos+Nascimento,287,"11/05/2012, SEXTA-FEIRA, PÁGINA b11",https://acervo.estadao.com.br/pagina/#!/20120511-43305-spo-35-eco-b11-not/busca/Nascimento,https://acervo.estadao.com.br/procura/busca.php?&busca=Carlos+Nascimento&decade=2010%7C2010&page=287
estadao,Carlos Fernando da Costa Almeida de Paiva Nascimento,Carlos+Nascimento,287,"19/05/2016, QUINTA-FEIRA, PÁGINA c8",https://acervo.estadao.com.br/pagina/#!/20160519-44774-nac-48-cd2-c8-not/busca/Nascimento,https://acervo.estadao.com.br/procura/busca.php?&busca=Carlos+Nascimento&decade=2010%7C2010&page=287
estadao,Carlos Fernando da Costa Almeida de Paiva Nascimento,Carlos+Nascimento,287,"12/05/2012, SÁBADO, PÁGINA d9",https://acervo.estadao.com.br/pagina/#!/20120512-43306-nac-100-cd2-d9-not/busca/Nascimento,https://acervo.estadao.com.br/procura/busca.php?&busca=Carlos+Nascimento&decade=2010%7C2010&page=287
estadao,Carlos Fernando da Costa Almeida de Paiva Nascimento,Carlos+Nascimento,288,"07/06/2010, SEGUNDA-FEIRA, PÁGINA a17",https://acervo.estadao.com.br/pagina/#!/20100607-42601-nac-16-ger-a17-not/busca/nascimento,https://acervo.estadao.com.br/procura/busca.php?&busca=Carlos+Nascimento&decade=2010%7C2010&page=288
estadao,Carlos Fernando da Costa Almeida de Paiva Nascimento,Carlos+Nascimento,288,"06/09/2011, TERÇA-FEIRA, PÁGINA a3",https://acervo.estadao.com.br/pagina/#!/20110906-43057-nac-3-edi-a3-not/busca/NASCIMENTO,https://acervo.estadao.com.br/procura/busca.php?&busca=Carlos+Nascimento&decade=2010%7C2010&page=288
estadao,Carlos Fernando da Costa Almeida de Paiva Nascimento,Carlos+Nascimento,288,"26/03/2010, SEXTA-FEIRA, PÁGINA d8",https://acervo.estadao.com.br/pagina/#!/20100326-42528-spo-72-cd2-d8-not/busca/nascimento,https://acervo.estadao.com.br/procura/busca.php?&busca=Carlos+Nascimento&decade=2010%7C2010&page=288
estadao,Carlos Fernando da Costa Almeida de Paiva Nascimento,Carlos+Nascimento,288,"30/10/2010, SÁBADO, PÁGINA s4",https://acervo.estadao.com.br/pagina/#!/20101030-42746-nac-178-sab-s4-not/busca/nascimento,https://acervo.estadao.com.br/procura/busca.php?&busca=Carlos+Nascimento&decade=2010%7C2010&page=288
estadao,Carlos Fernando da Costa Almeida de Paiva Nascimento,Carlos+Nascimento,288,"20/06/2010, DOMINGO, PÁGINA ce10",https://acervo.estadao.com.br/pagina/#!/20100620-42614-spo-76-emp-ce10-not/busca/Nascimento,https://acervo.estadao.com.br/procura/busca.php?&busca=Carlos+Nascimento&decade=2010%7C2010&page=288
estadao,Carlos Fernando da Costa Almeida de Paiva Nascimento,Carlos+Nascimento,288,"30/03/2010, TERÇA-FEIRA, PÁGINA c4",https://acervo.estadao.com.br/pagina/#!/20100330-42532-nac-38-cid-c4-not/busca/Nascimento,https://acervo.estadao.com.br/procura/busca.php?&busca=Carlos+Nascimento&decade=2010%7C2010&page=288
estadao,Carlos Fernando da Costa Almeida de Paiva Nascimento,Carlos+Nascimento,288,"14/03/2010, DOMINGO, PÁGINA a3",https://acervo.estadao.com.br/pagina/#!/20100314-42516-spo-3-edi-a3-not/busca/nascimento,https://acervo.estadao.com.br/procura/busca.php?&busca=Carlos+Nascimento&decade=2010%7C2010&page=288
estadao,Carlos Fernando da Costa Almeida de Paiva Nascimento,Carlos+Nascimento,288,"17/03/2010, QUARTA-FEIRA, PÁGINA c6",https://acervo.estadao.com.br/pagina/#!/20100317-42519-nac-38-cid-c6-not/busca/Nascimento,https://acervo.estadao.com.br/procura/busca.php?&busca=Carlos+Nascimento&decade=2010%7C2010&page=288
estadao,Carlos Fernando da Costa Almeida de Paiva Nascimento,Carlos+Nascimento,288,"27/06/2011, SEGUNDA-FEIRA, PÁGINA a2",https://acervo.estadao.com.br/pagina/#!/20110627-42986-nac-2-opi-a2-not/busca/nascimento,https://acervo.estadao.com.br/procura/busca.php?&busca=Carlos+Nascimento&decade=2010%7C2010&page=288
estadao,Carlos Fernando da Costa Almeida de Paiva Nascimento,Carlos+Nascimento,289,"27/08/2017, DOMINGO, PÁGINA a18",https://acervo.estadao.com.br/pagina/#!/20170827-45239-nac-18-mrt-a18-not/busca/Nascimento,https://acervo.estadao.com.br/procura/busca.php?&busca=Carlos+Nascimento&decade=2010%7C2010&page=289
estadao,Carlos Fernando da Costa Almeida de Paiva Nascimento,Carlos+Nascimento,289,"27/08/2017, DOMINGO, PÁGINA c8",https://acervo.estadao.com.br/pagina/#!/20170827-45239-nac-43-cd2-c8-not/busca/nascimento,https://acervo.estadao.com.br/procura/busca.php?&busca=Carlos+Nascimento&decade=2010%7C2010&page=289
estadao,Carlos Fernando da Costa Almeida de Paiva Nascimento,Carlos+Nascimento,289,"27/08/2017, DOMINGO, PÁGINA a18",https://acervo.estadao.com.br/pagina/#!/20170827-45239-spo-18-mrt-a18-not/busca/Nascimento,https://acervo.estadao.com.br/procura/busca.php?&busca=Carlos+Nascimento&decade=2010%7C2010&page=289
estadao,Carlos Fernando da Costa Almeida de Paiva Nascimento,Carlos+Nascimento,289,"21/10/2012, DOMINGO, PÁGINA ce4",https://acervo.estadao.com.br/pagina/#!/20121021-43468-nac-76-emp-ce4-not/busca/Nascimento,https://acervo.estadao.com.br/procura/busca.php?&busca=Carlos+Nascimento&decade=2010%7C2010&page=289
estadao,Carlos Fernando da Costa Almeida de Paiva Nascimento,Carlos+Nascimento,289,"21/10/2012, DOMINGO, PÁGINA ce4",https://acervo.estadao.com.br/pagina/#!/20121021-43468-spo-76-emp-ce4-not/busca/Nascimento,https://acervo.estadao.com.br/procura/busca.php?&busca=Carlos+Nascimento&decade=2010%7C2010&page=289
estadao,Carlos Fernando da Costa Almeida de Paiva Nascimento,Carlos+Nascimento,289,"26/10/2012, SEXTA-FEIRA, PÁGINA c6",https://acervo.estadao.com.br/pagina/#!/20121026-43473-nac-57-cid-c6-not/busca/Nascimento,https://acervo.estadao.com.br/procura/busca.php?&busca=Carlos+Nascimento&decade=2010%7C2010&page=289
estadao,Carlos Fernando da Costa Almeida de Paiva Nascimento,Carlos+Nascimento,289,"09/11/2012, SEXTA-FEIRA, PÁGINA c4",https://acervo.estadao.com.br/pagina/#!/20121109-43487-nac-41-cid-c4-not/busca/Nascimento,https://acervo.estadao.com.br/procura/busca.php?&busca=Carlos+Nascimento&decade=2010%7C2010&page=289
estadao,Carlos Fernando da Costa Almeida de Paiva Nascimento,Carlos+Nascimento,289,"01/03/2016, TERÇA-FEIRA, PÁGINA a5",https://acervo.estadao.com.br/pagina/#!/20160301-44695-nac-5-pol-a5-not/busca/Nascimento,https://acervo.estadao.com.br/procura/busca.php?&busca=Carlos+Nascimento&decade=2010%7C2010&page=289
estadao,Carlos Fernando da Costa Almeida de Paiva Nascimento,Carlos+Nascimento,289,"03/10/2017, TERÇA-FEIRA, PÁGINA b12",https://acervo.estadao.com.br/pagina/#!/20171003-45276-spo-31-eco-b12-not/busca/nascimento,https://acervo.estadao.com.br/procura/busca.php?&busca=Carlos+Nascimento&decade=2010%7C2010&page=289
estadao,Carlos Fernando da Costa Almeida de Paiva Nascimento,Carlos+Nascimento,289,"03/10/2017, TERÇA-FEIRA, PÁGINA b12",https://acervo.estadao.com.br/pagina/#!/20171003-45276-nac-31-eco-b12-not/busca/nascimento,https://acervo.estadao.com.br/procura/busca.php?&busca=Carlos+Nascimento&decade=2010%7C2010&page=289
estadao,Carlos Fernando da Costa Almeida de Paiva Nascimento,Carlos+Nascimento,290,"14/10/2017, SÁBADO, PÁGINA a3",https://acervo.estadao.com.br/pagina/#!/20171014-45287-nac-3-edi-a3-not/busca/NASCIMENTO,https://acervo.estadao.com.br/procura/busca.php?&busca=Carlos+Nascimento&decade=2010%7C2010&page=290
estadao,Carlos Fernando da Costa Almeida de Paiva Nascimento,Carlos+Nascimento,290,"14/10/2017, SÁBADO, PÁGINA a3",https://acervo.estadao.com.br/pagina/#!/20171014-45287-spo-3-edi-a3-not/busca/NASCIMENTO,https://acervo.estadao.com.br/procura/busca.php?&busca=Carlos+Nascimento&decade=2010%7C2010&page=290
estadao,Carlos Fernando da Costa Almeida de Paiva Nascimento,Carlos+Nascimento,290,"15/10/2017, DOMINGO, PÁGINA e4",https://acervo.estadao.com.br/pagina/#!/20171015-45288-nac-76-ali-e4-not/busca/Nascimento,https://acervo.estadao.com.br/procura/busca.php?&busca=Carlos+Nascimento&decade=2010%7C2010&page=290
estadao,Carlos Fernando da Costa Almeida de Paiva Nascimento,Carlos+Nascimento,290,"04/12/2012, TERÇA-FEIRA, PÁGINA c4",https://acervo.estadao.com.br/pagina/#!/20121204-43512-spo-35-cid-c4-not/busca/NASCIMENTO,https://acervo.estadao.com.br/procura/busca.php?&busca=Carlos+Nascimento&decade=2010%7C2010&page=290
estadao,Carlos Fernando da Costa Almeida de Paiva Nascimento,Carlos+Nascimento,290,"29/11/2017, QUARTA-FEIRA, PÁGINA b12",https://acervo.estadao.com.br/pagina/#!/20171129-45333-spo-28-eco-b12-not/busca/Nascimento,https://acervo.estadao.com.br/procura/busca.php?&busca=Carlos+Nascimento&decade=2010%7C2010&page=290
estadao,Carlos Fernando da Costa Almeida de Paiva Nascimento,Carlos+Nascimento,290,"16/10/2012, TERÇA-FEIRA, PÁGINA a15",https://acervo.estadao.com.br/pagina/#!/20121016-43463-nac-15-ger-a15-not/busca/NASCIMENTO,https://acervo.estadao.com.br/procura/busca.php?&busca=Carlos+Nascimento&decade=2010%7C2010&page=290
estadao,Carlos Fernando da Costa Almeida de Paiva Nascimento,Carlos+Nascimento,290,"16/10/2012, TERÇA-FEIRA, PÁGINA a15",https://acervo.estadao.com.br/pagina/#!/20121016-43463-spo-15-ger-a15-not/busca/NASCIMENTO,https://acervo.estadao.com.br/procura/busca.php?&busca=Carlos+Nascimento&decade=2010%7C2010&page=290
estadao,Carlos Fernando da Costa Almeida de Paiva Nascimento,Carlos+Nascimento,290,"16/08/2017, QUARTA-FEIRA, PÁGINA a15",https://acervo.estadao.com.br/pagina/#!/20170816-45228-nac-15-esp-a15-not/busca/nascimento,https://acervo.estadao.com.br/procura/busca.php?&busca=Carlos+Nascimento&decade=2010%7C2010&page=290
estadao,Carlos Fernando da Costa Almeida de Paiva Nascimento,Carlos+Nascimento,290,"16/08/2017, QUARTA-FEIRA, PÁGINA a15",https://acervo.estadao.com.br/pagina/#!/20170816-45228-spo-15-esp-a15-not/busca/nascimento,https://acervo.estadao.com.br/procura/busca.php?&busca=Carlos+Nascimento&decade=2010%7C2010&page=290
estadao,Carlos Fernando da Costa Almeida de Paiva Nascimento,Carlos+Nascimento,290,"10/01/2016, DOMINGO, PÁGINA a3",https://acervo.estadao.com.br/pagina/#!/20160110-44644-nac-3-edi-a3-not/busca/CARLOS+NASCIMENTO,https://acervo.estadao.com.br/procura/busca.php?&busca=Carlos+Nascimento&decade=2010%7C2010&page=290
estadao,Carlos Fernando da Costa Almeida de Paiva Nascimento,Carlos+Nascimento,291,"10/01/2016, DOMINGO, PÁGINA a3",https://acervo.estadao.com.br/pagina/#!/20160110-44644-spo-3-edi-a3-not/busca/CARLOS+NASCIMENTO,https://acervo.estadao.com.br/procura/busca.php?&busca=Carlos+Nascimento&decade=2010%7C2010&page=291
estadao,Carlos Fernando da Costa Almeida de Paiva Nascimento,Carlos+Nascimento,291,"01/07/2017, SÁBADO, PÁGINA c7",https://acervo.estadao.com.br/pagina/#!/20170701-45182-nac-47-cd2-c7-not/busca/nascimento,https://acervo.estadao.com.br/procura/busca.php?&busca=Carlos+Nascimento&decade=2010%7C2010&page=291
estadao,Carlos Fernando da Costa Almeida de Paiva Nascimento,Carlos+Nascimento,291,"01/07/2017, SÁBADO, PÁGINA c7",https://acervo.estadao.com.br/pagina/#!/20170701-45182-spo-47-cd2-c7-not/busca/nascimento,https://acervo.estadao.com.br/procura/busca.php?&busca=Carlos+Nascimento&decade=2010%7C2010&page=291
estadao,Carlos Fernando da Costa Almeida de Paiva Nascimento,Carlos+Nascimento,291,"30/09/2012, DOMINGO, PÁGINA co7",https://acervo.estadao.com.br/pagina/#!/20120930-43447-nac-125-opr-co7-not/busca/Nascimento,https://acervo.estadao.com.br/procura/busca.php?&busca=Carlos+Nascimento&decade=2010%7C2010&page=291
estadao,Carlos Fernando da Costa Almeida de Paiva Nascimento,Carlos+Nascimento,291,"30/09/2012, DOMINGO, PÁGINA co7",https://acervo.estadao.com.br/pagina/#!/20120930-43447-spo-125-opr-co7-not/busca/Nascimento,https://acervo.estadao.com.br/procura/busca.php?&busca=Carlos+Nascimento&decade=2010%7C2010&page=291
estadao,Carlos Fernando da Costa Almeida de Paiva Nascimento,Carlos+Nascimento,291,"30/09/2012, DOMINGO, PÁGINA a28",https://acervo.estadao.com.br/pagina/#!/20120930-43447-spo-27-ger-a28-not/busca/NASCIMENTO,https://acervo.estadao.com.br/procura/busca.php?&busca=Carlos+Nascimento&decade=2010%7C2010&page=291
estadao,Carlos Fernando da Costa Almeida de Paiva Nascimento,Carlos+Nascimento,291,"13/07/2017, QUINTA-FEIRA, PÁGINA c4",https://acervo.estadao.com.br/pagina/#!/20170713-45194-nac-42-cd2-c4-not/busca/nascimento,https://acervo.estadao.com.br/procura/busca.php?&busca=Carlos+Nascimento&decade=2010%7C2010&page=291
estadao,Carlos Fernando da Costa Almeida de Paiva Nascimento,Carlos+Nascimento,291,"13/07/2017, QUINTA-FEIRA, PÁGINA c4",https://acervo.estadao.com.br/pagina/#!/20170713-45194-spo-42-cd2-c4-not/busca/nascimento,https://acervo.estadao.com.br/procura/busca.php?&busca=Carlos+Nascimento&decade=2010%7C2010&page=291
estadao,Carlos Fernando da Costa Almeida de Paiva Nascimento,Carlos+Nascimento,291,"15/10/2017, DOMINGO, PÁGINA e4",https://acervo.estadao.com.br/pagina/#!/20171015-45288-spo-76-ali-e4-not/busca/Nascimento,https://acervo.estadao.com.br/procura/busca.php?&busca=Carlos+Nascimento&decade=2010%7C2010&page=291
estadao,Carlos Fernando da Costa Almeida de Paiva Nascimento,Carlos+Nascimento,291,"12/11/2012, SEGUNDA-FEIRA, PÁGINA a2",https://acervo.estadao.com.br/pagina/#!/20121112-43490-nac-2-opi-a2-not/busca/nascimento,https://acervo.estadao.com.br/procura/busca.php?&busca=Carlos+Nascimento&decade=2010%7C2010&page=291
estadao,Carlos Fernando da Costa Almeida de Paiva Nascimento,Carlos+Nascimento,292,"12/11/2012, SEGUNDA-FEIRA, PÁGINA a2",https://acervo.estadao.com.br/pagina/#!/20121112-43490-spo-2-opi-a2-not/busca/nascimento,https://acervo.estadao.com.br/procura/busca.php?&busca=Carlos+Nascimento&decade=2010%7C2010&page=292
estadao,Carlos Fernando da Costa Almeida de Paiva Nascimento,Carlos+Nascimento,292,"01/12/2012, SÁBADO, PÁGINA a10",https://acervo.estadao.com.br/pagina/#!/20121201-43509-nac-10-pol-a10-not/busca/Nascimento,https://acervo.estadao.com.br/procura/busca.php?&busca=Carlos+Nascimento&decade=2010%7C2010&page=292
estadao,Carlos Fernando da Costa Almeida de Paiva Nascimento,Carlos+Nascimento,292,"01/12/2012, SÁBADO, PÁGINA a10",https://acervo.estadao.com.br/pagina/#!/20121201-43509-spo-10-pol-a10-not/busca/Nascimento,https://acervo.estadao.com.br/procura/busca.php?&busca=Carlos+Nascimento&decade=2010%7C2010&page=292
estadao,Carlos Fernando da Costa Almeida de Paiva Nascimento,Carlos+Nascimento,292,"18/03/2016, SEXTA-FEIRA, PÁGINA a11",https://acervo.estadao.com.br/pagina/#!/20160318-44712-nac-11-pol-a11-not/busca/Carlos+Nascimento,https://acervo.estadao.com.br/procura/busca.php?&busca=Carlos+Nascimento&decade=2010%7C2010&page=292
estadao,Carlos Fernando da Costa Almeida de Paiva Nascimento,Carlos+Nascimento,292,"18/03/2016, SEXTA-FEIRA, PÁGINA b4",https://acervo.estadao.com.br/pagina/#!/20160318-44712-nac-30-eco-b4-not/busca/Nascimento,https://acervo.estadao.com.br/procura/busca.php?&busca=Carlos+Nascimento&decade=2010%7C2010&page=292
estadao,Carlos Fernando da Costa Almeida de Paiva Nascimento,Carlos+Nascimento,292,"18/03/2016, SEXTA-FEIRA, PÁGINA b4",https://acervo.estadao.com.br/pagina/#!/20160318-44712-spo-30-eco-b4-not/busca/Nascimento,https://acervo.estadao.com.br/procura/busca.php?&busca=Carlos+Nascimento&decade=2010%7C2010&page=292
estadao,Carlos Fernando da Costa Almeida de Paiva Nascimento,Carlos+Nascimento,292,"11/09/2017, SEGUNDA-FEIRA, PÁGINA a8",https://acervo.estadao.com.br/pagina/#!/20170911-45254-nac-8-pol-a8-not/busca/Nascimento,https://acervo.estadao.com.br/procura/busca.php?&busca=Carlos+Nascimento&decade=2010%7C2010&page=292
estadao,Carlos Fernando da Costa Almeida de Paiva Nascimento,Carlos+Nascimento,292,"11/09/2017, SEGUNDA-FEIRA, PÁGINA a8",https://acervo.estadao.com.br/pagina/#!/20170911-45254-spo-8-pol-a8-not/busca/Nascimento,https://acervo.estadao.com.br/procura/busca.php?&busca=Carlos+Nascimento&decade=2010%7C2010&page=292
estadao,Carlos Fernando da Costa Almeida de Paiva Nascimento,Carlos+Nascimento,292,"26/10/2012, SEXTA-FEIRA, PÁGINA c8",https://acervo.estadao.com.br/pagina/#!/20121026-43473-spo-60-cid-c8-not/busca/Nascimento,https://acervo.estadao.com.br/procura/busca.php?&busca=Carlos+Nascimento&decade=2010%7C2010&page=292
estadao,Carlos Fernando da Costa Almeida de Paiva Nascimento,Carlos+Nascimento,292,"14/09/2017, QUINTA-FEIRA, PÁGINA c6",https://acervo.estadao.com.br/pagina/#!/20170914-45257-spo-38-cd2-c6-not/busca/Nascimento,https://acervo.estadao.com.br/procura/busca.php?&busca=Carlos+Nascimento&decade=2010%7C2010&page=292
estadao,Carlos Fernando da Costa Almeida de Paiva Nascimento,Carlos+Nascimento,293,"01/11/2012, QUINTA-FEIRA, PÁGINA a3",https://acervo.estadao.com.br/pagina/#!/20121101-43479-nac-3-edi-a3-not/busca/NASCIMENTO,https://acervo.estadao.com.br/procura/busca.php?&busca=Carlos+Nascimento&decade=2010%7C2010&page=293
estadao,Carlos Fernando da Costa Almeida de Paiva Nascimento,Carlos+Nascimento,293,"14/09/2017, QUINTA-FEIRA, PÁGINA c6",https://acervo.estadao.com.br/pagina/#!/20170914-45257-nac-38-cd2-c6-not/busca/Nascimento,https://acervo.estadao.com.br/procura/busca.php?&busca=Carlos+Nascimento&decade=2010%7C2010&page=293
estadao,Carlos Fernando da Costa Almeida de Paiva Nascimento,Carlos+Nascimento,293,"01/11/2012, QUINTA-FEIRA, PÁGINA a3",https://acervo.estadao.com.br/pagina/#!/20121101-43479-spo-3-edi-a3-not/busca/NASCIMENTO,https://acervo.estadao.com.br/procura/busca.php?&busca=Carlos+Nascimento&decade=2010%7C2010&page=293
estadao,Carlos Fernando da Costa Almeida de Paiva Nascimento,Carlos+Nascimento,293,"08/10/2012, SEGUNDA-FEIRA, PÁGINA c4",https://acervo.estadao.com.br/pagina/#!/20121008-43455-nac-28-cid-c4-not/busca/Nascimento,https://acervo.estadao.com.br/procura/busca.php?&busca=Carlos+Nascimento&decade=2010%7C2010&page=293
estadao,Carlos Fernando da Costa Almeida de Paiva Nascimento,Carlos+Nascimento,293,"08/10/2012, SEGUNDA-FEIRA, PÁGINA c6",https://acervo.estadao.com.br/pagina/#!/20121008-43455-spo-30-cid-c6-not/busca/Nascimento,https://acervo.estadao.com.br/procura/busca.php?&busca=Carlos+Nascimento&decade=2010%7C2010&page=293
estadao,Carlos Fernando da Costa Almeida de Paiva Nascimento,Carlos+Nascimento,293,"31/07/2017, SEGUNDA-FEIRA, PÁGINA h29",https://acervo.estadao.com.br/pagina/#!/20170731-45212-nac-67-pme-h29-not/busca/Nascimento,https://acervo.estadao.com.br/procura/busca.php?&busca=Carlos+Nascimento&decade=2010%7C2010&page=293
estadao,Carlos Fernando da Costa Almeida de Paiva Nascimento,Carlos+Nascimento,293,"31/07/2017, SEGUNDA-FEIRA, PÁGINA h29",https://acervo.estadao.com.br/pagina/#!/20170731-45212-spo-67-pme-h29-not/busca/Nascimento,https://acervo.estadao.com.br/procura/busca.php?&busca=Carlos+Nascimento&decade=2010%7C2010&page=293
estadao,Carlos Fernando da Costa Almeida de Paiva Nascimento,Carlos+Nascimento,293,"01/08/2017, TERÇA-FEIRA, PÁGINA b10",https://acervo.estadao.com.br/pagina/#!/20170801-45213-nac-27-eco-b10-not/busca/Nascimento,https://acervo.estadao.com.br/procura/busca.php?&busca=Carlos+Nascimento&decade=2010%7C2010&page=293
estadao,Carlos Fernando da Costa Almeida de Paiva Nascimento,Carlos+Nascimento,293,"01/08/2017, TERÇA-FEIRA, PÁGINA b10",https://acervo.estadao.com.br/pagina/#!/20170801-45213-spo-27-eco-b10-not/busca/Nascimento,https://acervo.estadao.com.br/procura/busca.php?&busca=Carlos+Nascimento&decade=2010%7C2010&page=293
estadao,Carlos Fernando da Costa Almeida de Paiva Nascimento,Carlos+Nascimento,293,"02/10/2012, TERÇA-FEIRA, PÁGINA b11",https://acervo.estadao.com.br/pagina/#!/20121002-43449-nac-28-eco-b11-not/busca/Nascimento+Carlos,https://acervo.estadao.com.br/procura/busca.php?&busca=Carlos+Nascimento&decade=2010%7C2010&page=293
estadao,Carlos Fernando da Costa Almeida de Paiva Nascimento,Carlos+Nascimento,295,"02/03/2012, SEXTA-FEIRA, PÁGINA a4",https://acervo.estadao.com.br/pagina/#!/20120302-43235-spo-4-pol-a4-not/busca/Nascimento,https://acervo.estadao.com.br/procura/busca.php?&busca=Carlos+Nascimento&decade=2010%7C2010&page=295
estadao,Carlos Fernando da Costa Almeida de Paiva Nascimento,Carlos+Nascimento,295,"23/02/2012, QUINTA-FEIRA, PÁGINA c8",https://acervo.estadao.com.br/pagina/#!/20120223-43227-spo-40-cid-c8-not/busca/NASCIMENTO,https://acervo.estadao.com.br/procura/busca.php?&busca=Carlos+Nascimento&decade=2010%7C2010&page=295
estadao,Carlos Fernando da Costa Almeida de Paiva Nascimento,Carlos+Nascimento,295,"14/03/2012, QUARTA-FEIRA, PÁGINA d5",https://acervo.estadao.com.br/pagina/#!/20120314-43247-nac-46-cd2-d5-not/busca/Nascimento,https://acervo.estadao.com.br/procura/busca.php?&busca=Carlos+Nascimento&decade=2010%7C2010&page=295
estadao,Carlos Fernando da Costa Almeida de Paiva Nascimento,Carlos+Nascimento,295,"21/03/2012, QUARTA-FEIRA, PÁGINA a3",https://acervo.estadao.com.br/pagina/#!/20120321-43254-spo-3-edi-a3-not/busca/Nascimento,https://acervo.estadao.com.br/procura/busca.php?&busca=Carlos+Nascimento&decade=2010%7C2010&page=295
estadao,Carlos Fernando da Costa Almeida de Paiva Nascimento,Carlos+Nascimento,296,"08/06/2014, DOMINGO, PÁGINA ce8",https://acervo.estadao.com.br/pagina/#!/20140608-44063-nac-65-emp-ce8-not/busca/Nascimento,https://acervo.estadao.com.br/procura/busca.php?&busca=Carlos+Nascimento&decade=2010%7C2010&page=296
estadao,Carlos Fernando da Costa Almeida de Paiva Nascimento,Carlos+Nascimento,296,"25/06/2013, TERÇA-FEIRA, PÁGINA a5",https://acervo.estadao.com.br/pagina/#!/20130625-43715-spo-5-pol-a5-not/busca/NASCIMENTO,https://acervo.estadao.com.br/procura/busca.php?&busca=Carlos+Nascimento&decade=2010%7C2010&page=296
estadao,Carlos Fernando da Costa Almeida de Paiva Nascimento,Carlos+Nascimento,296,"08/06/2014, DOMINGO, PÁGINA ce8",https://acervo.estadao.com.br/pagina/#!/20140608-44063-spo-65-emp-ce8-not/busca/Nascimento,https://acervo.estadao.com.br/procura/busca.php?&busca=Carlos+Nascimento&decade=2010%7C2010&page=296
estadao,Carlos Fernando da Costa Almeida de Paiva Nascimento,Carlos+Nascimento,296,"07/09/2013, SÁBADO, PÁGINA c12",https://acervo.estadao.com.br/pagina/#!/20130907-43789-nac-69-cd2-c12-not/busca/Nascimento,https://acervo.estadao.com.br/procura/busca.php?&busca=Carlos+Nascimento&decade=2010%7C2010&page=296
estadao,Carlos Fernando da Costa Almeida de Paiva Nascimento,Carlos+Nascimento,296,"07/09/2013, SÁBADO, PÁGINA c12",https://acervo.estadao.com.br/pagina/#!/20130907-43789-spo-69-cd2-c12-not/busca/Nascimento,https://acervo.estadao.com.br/procura/busca.php?&busca=Carlos+Nascimento&decade=2010%7C2010&page=296
estadao,Carlos Fernando da Costa Almeida de Paiva Nascimento,Carlos+Nascimento,296,"28/04/2014, SEGUNDA-FEIRA, PÁGINA a3",https://acervo.estadao.com.br/pagina/#!/20140428-44022-nac-3-edi-a3-not/busca/Nascimento,https://acervo.estadao.com.br/procura/busca.php?&busca=Carlos+Nascimento&decade=2010%7C2010&page=296
estadao,Carlos Fernando da Costa Almeida de Paiva Nascimento,Carlos+Nascimento,296,"28/04/2014, SEGUNDA-FEIRA, PÁGINA a3",https://acervo.estadao.com.br/pagina/#!/20140428-44022-spo-3-edi-a3-not/busca/Nascimento,https://acervo.estadao.com.br/procura/busca.php?&busca=Carlos+Nascimento&decade=2010%7C2010&page=296
estadao,Carlos Fernando da Costa Almeida de Paiva Nascimento,Carlos+Nascimento,296,"04/05/2014, DOMINGO, PÁGINA c4",https://acervo.estadao.com.br/pagina/#!/20140504-44028-spo-40-cd2-c4-not/busca/Nascimento,https://acervo.estadao.com.br/procura/busca.php?&busca=Carlos+Nascimento&decade=2010%7C2010&page=296
estadao,Carlos Fernando da Costa Almeida de Paiva Nascimento,Carlos+Nascimento,296,"12/05/2014, SEGUNDA-FEIRA, PÁGINA b14",https://acervo.estadao.com.br/pagina/#!/20140512-44036-nac-30-eng-b14-not/busca/Nascimento,https://acervo.estadao.com.br/procura/busca.php?&busca=Carlos+Nascimento&decade=2010%7C2010&page=296
estadao,Carlos Fernando da Costa Almeida de Paiva Nascimento,Carlos+Nascimento,296,"12/05/2014, SEGUNDA-FEIRA, PÁGINA b14",https://acervo.estadao.com.br/pagina/#!/20140512-44036-spo-30-eng-b14-not/busca/Nascimento,https://acervo.estadao.com.br/procura/busca.php?&busca=Carlos+Nascimento&decade=2010%7C2010&page=296
estadao,Carlos Fernando da Costa Almeida de Paiva Nascimento,Carlos+Nascimento,297,"26/05/2013, DOMINGO, PÁGINA a2",https://acervo.estadao.com.br/pagina/#!/20130526-43685-spo-2-opi-a2-not/busca/NASCIMENTO,https://acervo.estadao.com.br/procura/busca.php?&busca=Carlos+Nascimento&decade=2010%7C2010&page=297
estadao,Carlos Fernando da Costa Almeida de Paiva Nascimento,Carlos+Nascimento,297,"04/05/2014, DOMINGO, PÁGINA c4",https://acervo.estadao.com.br/pagina/#!/20140504-44028-nac-40-cd2-c4-not/busca/Nascimento,https://acervo.estadao.com.br/procura/busca.php?&busca=Carlos+Nascimento&decade=2010%7C2010&page=297
estadao,Carlos Fernando da Costa Almeida de Paiva Nascimento,Carlos+Nascimento,297,"20/09/2013, SEXTA-FEIRA, PÁGINA a6",https://acervo.estadao.com.br/pagina/#!/20130920-43802-nac-6-pol-a6-not/busca/nascimento,https://acervo.estadao.com.br/procura/busca.php?&busca=Carlos+Nascimento&decade=2010%7C2010&page=297
estadao,Carlos Fernando da Costa Almeida de Paiva Nascimento,Carlos+Nascimento,297,"20/09/2013, SEXTA-FEIRA, PÁGINA a6",https://acervo.estadao.com.br/pagina/#!/20130920-43802-spo-6-pol-a6-not/busca/nascimento,https://acervo.estadao.com.br/procura/busca.php?&busca=Carlos+Nascimento&decade=2010%7C2010&page=297
estadao,Carlos Fernando da Costa Almeida de Paiva Nascimento,Carlos+Nascimento,297,"21/09/2013, SÁBADO, PÁGINA b16",https://acervo.estadao.com.br/pagina/#!/20130921-43803-spo-54-eng-b16-not/busca/Nascimento,https://acervo.estadao.com.br/procura/busca.php?&busca=Carlos+Nascimento&decade=2010%7C2010&page=297
estadao,Carlos Fernando da Costa Almeida de Paiva Nascimento,Carlos+Nascimento,297,"07/06/2014, SÁBADO, PÁGINA ci8",https://acervo.estadao.com.br/pagina/#!/20140607-44062-spo-70-imo-ci8-not/busca/Nascimento,https://acervo.estadao.com.br/procura/busca.php?&busca=Carlos+Nascimento&decade=2010%7C2010&page=297
estadao,Carlos Fernando da Costa Almeida de Paiva Nascimento,Carlos+Nascimento,297,"23/06/2013, DOMINGO, PÁGINA c7",https://acervo.estadao.com.br/pagina/#!/20130623-43713-nac-41-cd2-c7-not/busca/nascimento,https://acervo.estadao.com.br/procura/busca.php?&busca=Carlos+Nascimento&decade=2010%7C2010&page=297
estadao,Carlos Fernando da Costa Almeida de Paiva Nascimento,Carlos+Nascimento,297,"07/06/2014, SÁBADO, PÁGINA ci8",https://acervo.estadao.com.br/pagina/#!/20140607-44062-nac-70-imo-ci8-not/busca/Nascimento,https://acervo.estadao.com.br/procura/busca.php?&busca=Carlos+Nascimento&decade=2010%7C2010&page=297
estadao,Carlos Fernando da Costa Almeida de Paiva Nascimento,Carlos+Nascimento,297,"28/09/2013, SÁBADO, PÁGINA a42",https://acervo.estadao.com.br/pagina/#!/20130928-43810-nac-40-mrt-a42-not/busca/Nascimento,https://acervo.estadao.com.br/procura/busca.php?&busca=Carlos+Nascimento&decade=2010%7C2010&page=297
estadao,Carlos Fernando da Costa Almeida de Paiva Nascimento,Carlos+Nascimento,297,"28/09/2013, SÁBADO, PÁGINA a42",https://acervo.estadao.com.br/pagina/#!/20130928-43810-spo-40-mrt-a42-not/busca/Nascimento,https://acervo.estadao.com.br/procura/busca.php?&busca=Carlos+Nascimento&decade=2010%7C2010&page=297
estadao,Carlos Fernando da Costa Almeida de Paiva Nascimento,Carlos+Nascimento,298,"27/06/2014, SEXTA-FEIRA, PÁGINA a16",https://acervo.estadao.com.br/pagina/#!/20140627-44082-nac-15-mrt-a16-not/busca/NASCIMENTO,https://acervo.estadao.com.br/procura/busca.php?&busca=Carlos+Nascimento&decade=2010%7C2010&page=298
estadao,Carlos Fernando da Costa Almeida de Paiva Nascimento,Carlos+Nascimento,298,"27/06/2014, SEXTA-FEIRA, PÁGINA a16",https://acervo.estadao.com.br/pagina/#!/20140627-44082-spo-15-mrt-a16-not/busca/NASCIMENTO,https://acervo.estadao.com.br/procura/busca.php?&busca=Carlos+Nascimento&decade=2010%7C2010&page=298
estadao,Carlos Fernando da Costa Almeida de Paiva Nascimento,Carlos+Nascimento,298,"11/07/2013, QUINTA-FEIRA, PÁGINA a2",https://acervo.estadao.com.br/pagina/#!/20130711-43731-spo-2-opi-a2-not/busca/Nascimento,https://acervo.estadao.com.br/procura/busca.php?&busca=Carlos+Nascimento&decade=2010%7C2010&page=298
estadao,Carlos Fernando da Costa Almeida de Paiva Nascimento,Carlos+Nascimento,298,"21/10/2013, SEGUNDA-FEIRA, PÁGINA a14",https://acervo.estadao.com.br/pagina/#!/20131021-43833-nac-14-mrt-a14-not/busca/Nascimento+Carlos,https://acervo.estadao.com.br/procura/busca.php?&busca=Carlos+Nascimento&decade=2010%7C2010&page=298
estadao,Carlos Fernando da Costa Almeida de Paiva Nascimento,Carlos+Nascimento,298,"21/10/2013, SEGUNDA-FEIRA, PÁGINA a3",https://acervo.estadao.com.br/pagina/#!/20131021-43833-nac-3-edi-a3-not,https://acervo.estadao.com.br/procura/busca.php?&busca=Carlos+Nascimento&decade=2010%7C2010&page=298
estadao,Carlos Fernando da Costa Almeida de Paiva Nascimento,Carlos+Nascimento,298,"21/10/2013, SEGUNDA-FEIRA, PÁGINA a14",https://acervo.estadao.com.br/pagina/#!/20131021-43833-spo-14-mrt-a14-not/busca/Nascimento,https://acervo.estadao.com.br/procura/busca.php?&busca=Carlos+Nascimento&decade=2010%7C2010&page=298
estadao,Carlos Fernando da Costa Almeida de Paiva Nascimento,Carlos+Nascimento,298,"21/10/2013, SEGUNDA-FEIRA, PÁGINA a3",https://acervo.estadao.com.br/pagina/#!/20131021-43833-spo-3-edi-a3-not,https://acervo.estadao.com.br/procura/busca.php?&busca=Carlos+Nascimento&decade=2010%7C2010&page=298
estadao,Carlos Fernando da Costa Almeida de Paiva Nascimento,Carlos+Nascimento,298,"03/08/2013, SÁBADO, PÁGINA b7",https://acervo.estadao.com.br/pagina/#!/20130803-43754-spo-45-eco-b7-not/busca/Nascimento,https://acervo.estadao.com.br/procura/busca.php?&busca=Carlos+Nascimento&decade=2010%7C2010&page=298
estadao,Carlos Fernando da Costa Almeida de Paiva Nascimento,Carlos+Nascimento,298,"03/08/2013, SÁBADO, PÁGINA b7",https://acervo.estadao.com.br/pagina/#!/20130803-43754-nac-45-eco-b7-not/busca/Nascimento,https://acervo.estadao.com.br/procura/busca.php?&busca=Carlos+Nascimento&decade=2010%7C2010&page=298
estadao,Carlos Fernando da Costa Almeida de Paiva Nascimento,Carlos+Nascimento,298,"08/08/2013, QUINTA-FEIRA, PÁGINA a3",https://acervo.estadao.com.br/pagina/#!/20130808-43759-nac-3-edi-a3-not/busca/nascimento,https://acervo.estadao.com.br/procura/busca.php?&busca=Carlos+Nascimento&decade=2010%7C2010&page=298
estadao,Carlos Fernando da Costa Almeida de Paiva Nascimento,Carlos+Nascimento,299,"04/11/2012, DOMINGO, PÁGINA d3",https://acervo.estadao.com.br/pagina/#!/20121104-43482-nac-108-cd2-d3-not/busca/Nascimento,https://acervo.estadao.com.br/procura/busca.php?&busca=Carlos+Nascimento&decade=2010%7C2010&page=299
estadao,Carlos Fernando da Costa Almeida de Paiva Nascimento,Carlos+Nascimento,299,"04/11/2012, DOMINGO, PÁGINA d3",https://acervo.estadao.com.br/pagina/#!/20121104-43482-spo-108-cd2-d3-not/busca/Nascimento,https://acervo.estadao.com.br/procura/busca.php?&busca=Carlos+Nascimento&decade=2010%7C2010&page=299
estadao,Carlos Fernando da Costa Almeida de Paiva Nascimento,Carlos+Nascimento,299,"03/10/2012, QUARTA-FEIRA, PÁGINA b7",https://acervo.estadao.com.br/pagina/#!/20121003-43450-spo-25-eco-b7-not/busca/Nascimento+Carlos,https://acervo.estadao.com.br/procura/busca.php?&busca=Carlos+Nascimento&decade=2010%7C2010&page=299
estadao,Carlos Fernando da Costa Almeida de Paiva Nascimento,Carlos+Nascimento,299,"03/10/2012, QUARTA-FEIRA, PÁGINA b7",https://acervo.estadao.com.br/pagina/#!/20121003-43450-nac-25-eco-b7-not/busca/Nascimento,https://acervo.estadao.com.br/procura/busca.php?&busca=Carlos+Nascimento&decade=2010%7C2010&page=299
estadao,Carlos Fernando da Costa Almeida de Paiva Nascimento,Carlos+Nascimento,300,"30/06/2013, DOMINGO, PÁGINA a3",https://acervo.estadao.com.br/pagina/#!/20130630-43720-spo-3-edi-a3-not/busca/NASCIMENTO,https://acervo.estadao.com.br/procura/busca.php?&busca=Carlos+Nascimento&decade=2010%7C2010&page=300
estadao,Carlos Fernando da Costa Almeida de Paiva Nascimento,Carlos+Nascimento,300,"30/06/2013, DOMINGO, PÁGINA a3",https://acervo.estadao.com.br/pagina/#!/20130630-43720-nac-3-edi-a3-not/busca/NASCIMENTO,https://acervo.estadao.com.br/procura/busca.php?&busca=Carlos+Nascimento&decade=2010%7C2010&page=300
estadao,Carlos Fernando da Costa Almeida de Paiva Nascimento,Carlos+Nascimento,300,"09/09/2014, TERÇA-FEIRA, PÁGINA b10",https://acervo.estadao.com.br/pagina/#!/20140909-44156-spo-33-eng-b10-not/busca/NASCIMENTO,https://acervo.estadao.com.br/procura/busca.php?&busca=Carlos+Nascimento&decade=2010%7C2010&page=300
estadao,Carlos Fernando da Costa Almeida de Paiva Nascimento,Carlos+Nascimento,300,"09/09/2014, TERÇA-FEIRA, PÁGINA b10",https://acervo.estadao.com.br/pagina/#!/20140909-44156-nac-33-eng-b10-not/busca/NASCIMENTO,https://acervo.estadao.com.br/procura/busca.php?&busca=Carlos+Nascimento&decade=2010%7C2010&page=300
estadao,Carlos Fernando da Costa Almeida de Paiva Nascimento,Carlos+Nascimento,300,"08/11/2013, SEXTA-FEIRA, PÁGINA c6",https://acervo.estadao.com.br/pagina/#!/20131108-43851-nac-51-cd2-c6-not/busca/Nascimento,https://acervo.estadao.com.br/procura/busca.php?&busca=Carlos+Nascimento&decade=2010%7C2010&page=300
estadao,Carlos Fernando da Costa Almeida de Paiva Nascimento,Carlos+Nascimento,300,"08/11/2013, SEXTA-FEIRA, PÁGINA c6",https://acervo.estadao.com.br/pagina/#!/20131108-43851-spo-51-cd2-c6-not/busca/Nascimento,https://acervo.estadao.com.br/procura/busca.php?&busca=Carlos+Nascimento&decade=2010%7C2010&page=300
estadao,Carlos Fernando da Costa Almeida de Paiva Nascimento,Carlos+Nascimento,300,"01/11/2013, SEXTA-FEIRA, PÁGINA c8",https://acervo.estadao.com.br/pagina/#!/20131101-43844-nac-46-cd2-c8-not/busca/Nascimento,https://acervo.estadao.com.br/procura/busca.php?&busca=Carlos+Nascimento&decade=2010%7C2010&page=300
estadao,Carlos Fernando da Costa Almeida de Paiva Nascimento,Carlos+Nascimento,300,"01/11/2013, SEXTA-FEIRA, PÁGINA c10",https://acervo.estadao.com.br/pagina/#!/20131101-43844-spo-48-cd2-c10-not/busca/nascimento,https://acervo.estadao.com.br/procura/busca.php?&busca=Carlos+Nascimento&decade=2010%7C2010&page=300
estadao,Carlos Fernando da Costa Almeida de Paiva Nascimento,Carlos+Nascimento,300,"01/11/2013, SEXTA-FEIRA, PÁGINA c8",https://acervo.estadao.com.br/pagina/#!/20131101-43844-spo-46-cd2-c8-not/busca/Nascimento,https://acervo.estadao.com.br/procura/busca.php?&busca=Carlos+Nascimento&decade=2010%7C2010&page=300
estadao,Carlos Fernando da Costa Almeida de Paiva Nascimento,Carlos+Nascimento,300,"02/11/2013, SÁBADO, PÁGINA a40",https://acervo.estadao.com.br/pagina/#!/20131102-43845-nac-38-esp-a40-not/busca/Nascimento,https://acervo.estadao.com.br/procura/busca.php?&busca=Carlos+Nascimento&decade=2010%7C2010&page=300
estadao,Carlos Fernando da Costa Almeida de Paiva Nascimento,Carlos+Nascimento,301,"02/10/2012, TERÇA-FEIRA, PÁGINA b11",https://acervo.estadao.com.br/pagina/#!/20121002-43449-spo-28-eco-b11-not/busca/Nascimento+Carlos,https://acervo.estadao.com.br/procura/busca.php?&busca=Carlos+Nascimento&decade=2010%7C2010&page=301
estadao,Carlos Fernando da Costa Almeida de Paiva Nascimento,Carlos+Nascimento,301,"12/05/2012, SÁBADO, PÁGINA d9",https://acervo.estadao.com.br/pagina/#!/20120512-43306-spo-102-cd2-d9-not/busca/Nascimento,https://acervo.estadao.com.br/procura/busca.php?&busca=Carlos+Nascimento&decade=2010%7C2010&page=301
estadao,Carlos Fernando da Costa Almeida de Paiva Nascimento,Carlos+Nascimento,302,"08/05/2012, TERÇA-FEIRA, PÁGINA a2",https://acervo.estadao.com.br/pagina/#!/20120508-43302-nac-2-opi-a2-not/busca/Nascimento,https://acervo.estadao.com.br/procura/busca.php?&busca=Carlos+Nascimento&decade=2010%7C2010&page=302
estadao,Carlos Fernando da Costa Almeida de Paiva Nascimento,Carlos+Nascimento,302,"08/05/2012, TERÇA-FEIRA, PÁGINA a2",https://acervo.estadao.com.br/pagina/#!/20120508-43302-spo-2-opi-a2-not/busca/Nascimento,https://acervo.estadao.com.br/procura/busca.php?&busca=Carlos+Nascimento&decade=2010%7C2010&page=302
estadao,Carlos Fernando da Costa Almeida de Paiva Nascimento,Carlos+Nascimento,302,"19/09/2012, QUARTA-FEIRA, PÁGINA b11",https://acervo.estadao.com.br/pagina/#!/20120919-43436-nac-31-eco-b11-not/busca/Nascimento,https://acervo.estadao.com.br/procura/busca.php?&busca=Carlos+Nascimento&decade=2010%7C2010&page=302
estadao,Carlos Fernando da Costa Almeida de Paiva Nascimento,Carlos+Nascimento,302,"19/09/2012, QUARTA-FEIRA, PÁGINA b11",https://acervo.estadao.com.br/pagina/#!/20120919-43436-spo-31-eco-b11-not/busca/Nascimento,https://acervo.estadao.com.br/procura/busca.php?&busca=Carlos+Nascimento&decade=2010%7C2010&page=302
estadao,Carlos Fernando da Costa Almeida de Paiva Nascimento,Carlos+Nascimento,302,"20/09/2012, QUINTA-FEIRA, PÁGINA d8",https://acervo.estadao.com.br/pagina/#!/20120920-43437-nac-84-cd2-d8-not/busca/Nascimento,https://acervo.estadao.com.br/procura/busca.php?&busca=Carlos+Nascimento&decade=2010%7C2010&page=302
estadao,Carlos Fernando da Costa Almeida de Paiva Nascimento,Carlos+Nascimento,302,"20/09/2012, QUINTA-FEIRA, PÁGINA a11",https://acervo.estadao.com.br/pagina/#!/20120920-43437-spo-11-pol-a11-not/busca/NASCIMENTO,https://acervo.estadao.com.br/procura/busca.php?&busca=Carlos+Nascimento&decade=2010%7C2010&page=302
estadao,Carlos Fernando da Costa Almeida de Paiva Nascimento,Carlos+Nascimento,302,"20/09/2012, QUINTA-FEIRA, PÁGINA a11",https://acervo.estadao.com.br/pagina/#!/20120920-43437-nac-11-pol-a11-not/busca/NASCIMENTO,https://acervo.estadao.com.br/procura/busca.php?&busca=Carlos+Nascimento&decade=2010%7C2010&page=302
estadao,Carlos Fernando da Costa Almeida de Paiva Nascimento,Carlos+Nascimento,302,"20/09/2012, QUINTA-FEIRA, PÁGINA d8",https://acervo.estadao.com.br/pagina/#!/20120920-43437-spo-86-cd2-d8-not/busca/Nascimento,https://acervo.estadao.com.br/procura/busca.php?&busca=Carlos+Nascimento&decade=2010%7C2010&page=302
estadao,Carlos Fernando da Costa Almeida de Paiva Nascimento,Carlos+Nascimento,302,"01/09/2012, SÁBADO, PÁGINA d9",https://acervo.estadao.com.br/pagina/#!/20120901-43418-spo-99-cd2-d9-not/busca/nascimento,https://acervo.estadao.com.br/procura/busca.php?&busca=Carlos+Nascimento&decade=2010%7C2010&page=302
estadao,Carlos Fernando da Costa Almeida de Paiva Nascimento,Carlos+Nascimento,302,"01/09/2012, SÁBADO, PÁGINA d9",https://acervo.estadao.com.br/pagina/#!/20120901-43418-nac-99-cd2-d9-not/busca/nascimento,https://acervo.estadao.com.br/procura/busca.php?&busca=Carlos+Nascimento&decade=2010%7C2010&page=302
estadao,Carlos Fernando da Costa Almeida de Paiva Nascimento,Carlos+Nascimento,303,"07/09/2012, SEXTA-FEIRA, PÁGINA d7",https://acervo.estadao.com.br/pagina/#!/20120907-43424-nac-42-cd2-d7-not/busca/Nascimento,https://acervo.estadao.com.br/procura/busca.php?&busca=Carlos+Nascimento&decade=2010%7C2010&page=303
estadao,Carlos Fernando da Costa Almeida de Paiva Nascimento,Carlos+Nascimento,303,"07/12/2012, SEXTA-FEIRA, PÁGINA b4",https://acervo.estadao.com.br/pagina/#!/20121207-43515-nac-31-eco-b4-not/busca/Nascimento,https://acervo.estadao.com.br/procura/busca.php?&busca=Carlos+Nascimento&decade=2010%7C2010&page=303
estadao,Carlos Fernando da Costa Almeida de Paiva Nascimento,Carlos+Nascimento,303,"07/12/2012, SEXTA-FEIRA, PÁGINA b4",https://acervo.estadao.com.br/pagina/#!/20121207-43515-spo-31-eco-b4-not/busca/Nascimento,https://acervo.estadao.com.br/procura/busca.php?&busca=Carlos+Nascimento&decade=2010%7C2010&page=303
estadao,Carlos Fernando da Costa Almeida de Paiva Nascimento,Carlos+Nascimento,303,"04/07/2012, QUARTA-FEIRA, PÁGINA d3",https://acervo.estadao.com.br/pagina/#!/20120704-43359-nac-36-cd2-d3-not/busca/nascimento,https://acervo.estadao.com.br/procura/busca.php?&busca=Carlos+Nascimento&decade=2010%7C2010&page=303
estadao,Carlos Fernando da Costa Almeida de Paiva Nascimento,Carlos+Nascimento,303,"04/07/2012, QUARTA-FEIRA, PÁGINA d3",https://acervo.estadao.com.br/pagina/#!/20120704-43359-spo-39-cd2-d3-not/busca/nascimento,https://acervo.estadao.com.br/procura/busca.php?&busca=Carlos+Nascimento&decade=2010%7C2010&page=303
estadao,Carlos Fernando da Costa Almeida de Paiva Nascimento,Carlos+Nascimento,303,"05/06/2012, TERÇA-FEIRA, PÁGINA c5",https://acervo.estadao.com.br/pagina/#!/20120605-43330-nac-35-cid-c5-not/busca/Nascimento,https://acervo.estadao.com.br/procura/busca.php?&busca=Carlos+Nascimento&decade=2010%7C2010&page=303
estadao,Carlos Fernando da Costa Almeida de Paiva Nascimento,Carlos+Nascimento,303,"05/07/2012, QUINTA-FEIRA, PÁGINA a21",https://acervo.estadao.com.br/pagina/#!/20120705-43360-spo-20-ger-a21-not/busca/nascimento,https://acervo.estadao.com.br/procura/busca.php?&busca=Carlos+Nascimento&decade=2010%7C2010&page=303
estadao,Carlos Fernando da Costa Almeida de Paiva Nascimento,Carlos+Nascimento,303,"18/07/2012, QUARTA-FEIRA, PÁGINA e2",https://acervo.estadao.com.br/pagina/#!/20120718-43373-spo-46-esp-e2-not/busca/Nascimento,https://acervo.estadao.com.br/procura/busca.php?&busca=Carlos+Nascimento&decade=2010%7C2010&page=303
estadao,Carlos Fernando da Costa Almeida de Paiva Nascimento,Carlos+Nascimento,303,"18/07/2012, QUARTA-FEIRA, PÁGINA e2",https://acervo.estadao.com.br/pagina/#!/20120718-43373-nac-44-esp-e2-not/busca/Nascimento,https://acervo.estadao.com.br/procura/busca.php?&busca=Carlos+Nascimento&decade=2010%7C2010&page=303
estadao,Carlos Fernando da Costa Almeida de Paiva Nascimento,Carlos+Nascimento,303,"11/06/2012, SEGUNDA-FEIRA, PÁGINA d9",https://acervo.estadao.com.br/pagina/#!/20120611-43336-spo-35-cd2-d9-not/busca/nascimento,https://acervo.estadao.com.br/procura/busca.php?&busca=Carlos+Nascimento&decade=2010%7C2010&page=303
estadao,Carlos Fernando da Costa Almeida de Paiva Nascimento,Carlos+Nascimento,304,"23/07/2012, SEGUNDA-FEIRA, PÁGINA a8",https://acervo.estadao.com.br/pagina/#!/20120723-43378-nac-8-pol-a8-not/busca/nascimento,https://acervo.estadao.com.br/procura/busca.php?&busca=Carlos+Nascimento&decade=2010%7C2010&page=304
estadao,Carlos Fernando da Costa Almeida de Paiva Nascimento,Carlos+Nascimento,304,"28/06/2012, QUINTA-FEIRA, PÁGINA d10",https://acervo.estadao.com.br/pagina/#!/20120628-43353-nac-73-cd2-d10-not/busca/Nascimento,https://acervo.estadao.com.br/procura/busca.php?&busca=Carlos+Nascimento&decade=2010%7C2010&page=304
estadao,Carlos Fernando da Costa Almeida de Paiva Nascimento,Carlos+Nascimento,304,"28/06/2012, QUINTA-FEIRA, PÁGINA d10",https://acervo.estadao.com.br/pagina/#!/20120628-43353-spo-79-cd2-d10-not/busca/Nascimento,https://acervo.estadao.com.br/procura/busca.php?&busca=Carlos+Nascimento&decade=2010%7C2010&page=304
estadao,Carlos Fernando da Costa Almeida de Paiva Nascimento,Carlos+Nascimento,304,"01/07/2012, DOMINGO, PÁGINA a2",https://acervo.estadao.com.br/pagina/#!/20120701-43356-spo-2-opi-a2-not/busca/NASCIMENTO,https://acervo.estadao.com.br/procura/busca.php?&busca=Carlos+Nascimento&decade=2010%7C2010&page=304
estadao,Carlos Fernando da Costa Almeida de Paiva Nascimento,Carlos+Nascimento,304,"19/07/2012, QUINTA-FEIRA, PÁGINA c6",https://acervo.estadao.com.br/pagina/#!/20120719-43374-spo-43-cid-c6-not/busca/NASCIMENTO,https://acervo.estadao.com.br/procura/busca.php?&busca=Carlos+Nascimento&decade=2010%7C2010&page=304
estadao,Carlos Fernando da Costa Almeida de Paiva Nascimento,Carlos+Nascimento,304,"04/06/2012, SEGUNDA-FEIRA, PÁGINA a2",https://acervo.estadao.com.br/pagina/#!/20120604-43329-nac-2-opi-a2-not/busca/NASCIMENTO,https://acervo.estadao.com.br/procura/busca.php?&busca=Carlos+Nascimento&decade=2010%7C2010&page=304
estadao,Carlos Fernando da Costa Almeida de Paiva Nascimento,Carlos+Nascimento,304,"04/06/2012, SEGUNDA-FEIRA, PÁGINA a2",https://acervo.estadao.com.br/pagina/#!/20120604-43329-spo-2-opi-a2-not/busca/NASCIMENTO,https://acervo.estadao.com.br/procura/busca.php?&busca=Carlos+Nascimento&decade=2010%7C2010&page=304
estadao,Carlos Fernando da Costa Almeida de Paiva Nascimento,Carlos+Nascimento,304,"10/07/2012, TERÇA-FEIRA, PÁGINA a4",https://acervo.estadao.com.br/pagina/#!/20120710-43365-nac-4-pol-a4-not/busca/Nascimento,https://acervo.estadao.com.br/procura/busca.php?&busca=Carlos+Nascimento&decade=2010%7C2010&page=304
estadao,Carlos Fernando da Costa Almeida de Paiva Nascimento,Carlos+Nascimento,304,"10/07/2012, TERÇA-FEIRA, PÁGINA a4",https://acervo.estadao.com.br/pagina/#!/20120710-43365-spo-4-pol-a4-not/busca/Nascimento,https://acervo.estadao.com.br/procura/busca.php?&busca=Carlos+Nascimento&decade=2010%7C2010&page=304
estadao,Carlos Fernando da Costa Almeida de Paiva Nascimento,Carlos+Nascimento,304,"11/06/2012, SEGUNDA-FEIRA, PÁGINA d9",https://acervo.estadao.com.br/pagina/#!/20120611-43336-nac-32-cd2-d9-not/busca/nascimento,https://acervo.estadao.com.br/procura/busca.php?&busca=Carlos+Nascimento&decade=2010%7C2010&page=304
estadao,Carlos Fernando da Costa Almeida de Paiva Nascimento,Carlos+Nascimento,305,"20/01/2011, QUINTA-FEIRA, PÁGINA b6",https://acervo.estadao.com.br/pagina/#!/20110120-42828-nac-22-eco-b6-not/busca/Nascimento,https://acervo.estadao.com.br/procura/busca.php?&busca=Carlos+Nascimento&decade=2010%7C2010&page=305
estadao,Carlos Fernando da Costa Almeida de Paiva Nascimento,Carlos+Nascimento,305,"28/01/2011, SEXTA-FEIRA, PÁGINA a17",https://acervo.estadao.com.br/pagina/#!/20110128-42836-spo-16-ger-a17-not/busca/Nascimento,https://acervo.estadao.com.br/procura/busca.php?&busca=Carlos+Nascimento&decade=2010%7C2010&page=305
estadao,Carlos Fernando da Costa Almeida de Paiva Nascimento,Carlos+Nascimento,305,"28/01/2011, SEXTA-FEIRA, PÁGINA a17",https://acervo.estadao.com.br/pagina/#!/20110128-42836-nac-16-ger-a17-not/busca/Nascimento,https://acervo.estadao.com.br/procura/busca.php?&busca=Carlos+Nascimento&decade=2010%7C2010&page=305
estadao,Carlos Fernando da Costa Almeida de Paiva Nascimento,Carlos+Nascimento,305,"30/01/2011, DOMINGO, PÁGINA co7",https://acervo.estadao.com.br/pagina/#!/20110130-42838-spo-135-opr-co7-not/busca/Nascimento,https://acervo.estadao.com.br/procura/busca.php?&busca=Carlos+Nascimento&decade=2010%7C2010&page=305
estadao,Carlos Fernando da Costa Almeida de Paiva Nascimento,Carlos+Nascimento,305,"30/01/2011, DOMINGO, PÁGINA co7",https://acervo.estadao.com.br/pagina/#!/20110130-42838-nac-135-opr-co7-not/busca/Nascimento,https://acervo.estadao.com.br/procura/busca.php?&busca=Carlos+Nascimento&decade=2010%7C2010&page=305
estadao,Carlos Fernando da Costa Almeida de Paiva Nascimento,Carlos+Nascimento,305,"10/01/2011, SEGUNDA-FEIRA, PÁGINA c4",https://acervo.estadao.com.br/pagina/#!/20110110-42818-spo-26-cid-c4-not/busca/Nascimento,https://acervo.estadao.com.br/procura/busca.php?&busca=Carlos+Nascimento&decade=2010%7C2010&page=305
estadao,Carlos Fernando da Costa Almeida de Paiva Nascimento,Carlos+Nascimento,305,"26/01/2011, QUARTA-FEIRA, PÁGINA c4",https://acervo.estadao.com.br/pagina/#!/20110126-42834-spo-27-cid-c4-not/busca/Nascimento,https://acervo.estadao.com.br/procura/busca.php?&busca=Carlos+Nascimento&decade=2010%7C2010&page=305
estadao,Carlos Fernando da Costa Almeida de Paiva Nascimento,Carlos+Nascimento,305,"26/01/2011, QUARTA-FEIRA, PÁGINA c4",https://acervo.estadao.com.br/pagina/#!/20110126-42834-nac-27-cid-c4-not/busca/Nascimento,https://acervo.estadao.com.br/procura/busca.php?&busca=Carlos+Nascimento&decade=2010%7C2010&page=305
estadao,Carlos Fernando da Costa Almeida de Paiva Nascimento,Carlos+Nascimento,305,"31/01/2011, SEGUNDA-FEIRA, PÁGINA a2",https://acervo.estadao.com.br/pagina/#!/20110131-42839-spo-2-opi-a2-not/busca/nascimento,https://acervo.estadao.com.br/procura/busca.php?&busca=Carlos+Nascimento&decade=2010%7C2010&page=305
estadao,Carlos Fernando da Costa Almeida de Paiva Nascimento,Carlos+Nascimento,305,"31/01/2011, SEGUNDA-FEIRA, PÁGINA c4",https://acervo.estadao.com.br/pagina/#!/20110131-42839-spo-28-cid-c4-not/busca/Nascimento,https://acervo.estadao.com.br/procura/busca.php?&busca=Carlos+Nascimento&decade=2010%7C2010&page=305
estadao,Carlos Fernando da Costa Almeida de Paiva Nascimento,Carlos+Nascimento,306,"24/04/2013, QUARTA-FEIRA, PÁGINA a2",https://acervo.estadao.com.br/pagina/#!/20130424-43653-spo-2-opi-a2-not/busca/nascimento,https://acervo.estadao.com.br/procura/busca.php?&busca=Carlos+Nascimento&decade=2010%7C2010&page=306
estadao,Carlos Fernando da Costa Almeida de Paiva Nascimento,Carlos+Nascimento,306,"26/05/2013, DOMINGO, PÁGINA a2",https://acervo.estadao.com.br/pagina/#!/20130526-43685-nac-2-opi-a2-not/busca/NASCIMENTO,https://acervo.estadao.com.br/procura/busca.php?&busca=Carlos+Nascimento&decade=2010%7C2010&page=306
estadao,Carlos Fernando da Costa Almeida de Paiva Nascimento,Carlos+Nascimento,306,"19/03/2013, TERÇA-FEIRA, PÁGINA a6",https://acervo.estadao.com.br/pagina/#!/20130319-43617-nac-6-pol-a6-not/busca/Nascimento,https://acervo.estadao.com.br/procura/busca.php?&busca=Carlos+Nascimento&decade=2010%7C2010&page=306
estadao,Carlos Fernando da Costa Almeida de Paiva Nascimento,Carlos+Nascimento,306,"19/03/2013, TERÇA-FEIRA, PÁGINA a6",https://acervo.estadao.com.br/pagina/#!/20130319-43617-spo-6-pol-a6-not/busca/Nascimento,https://acervo.estadao.com.br/procura/busca.php?&busca=Carlos+Nascimento&decade=2010%7C2010&page=306
estadao,Carlos Fernando da Costa Almeida de Paiva Nascimento,Carlos+Nascimento,306,"12/07/2013, SEXTA-FEIRA, PÁGINA a3",https://acervo.estadao.com.br/pagina/#!/20130712-43732-spo-3-edi-a3-not/busca/NASCIMENTO,https://acervo.estadao.com.br/procura/busca.php?&busca=Carlos+Nascimento&decade=2010%7C2010&page=306
estadao,Carlos Fernando da Costa Almeida de Paiva Nascimento,Carlos+Nascimento,306,"12/07/2013, SEXTA-FEIRA, PÁGINA a3",https://acervo.estadao.com.br/pagina/#!/20130712-43732-nac-3-edi-a3-not/busca/NASCIMENTO,https://acervo.estadao.com.br/procura/busca.php?&busca=Carlos+Nascimento&decade=2010%7C2010&page=306
estadao,Carlos Fernando da Costa Almeida de Paiva Nascimento,Carlos+Nascimento,307,"21/09/2011, QUARTA-FEIRA, PÁGINA d9",https://acervo.estadao.com.br/pagina/#!/20110921-43072-spo-52-cd2-d9-not/busca/Nascimento,https://acervo.estadao.com.br/procura/busca.php?&busca=Carlos+Nascimento&decade=2010%7C2010&page=307
estadao,Carlos Fernando da Costa Almeida de Paiva Nascimento,Carlos+Nascimento,307,"06/09/2011, TERÇA-FEIRA, PÁGINA v2",https://acervo.estadao.com.br/pagina/#!/20110906-43057-spo-55-via-v2-not/busca/nascimento,https://acervo.estadao.com.br/procura/busca.php?&busca=Carlos+Nascimento&decade=2010%7C2010&page=307
estadao,Carlos Fernando da Costa Almeida de Paiva Nascimento,Carlos+Nascimento,307,"06/09/2011, TERÇA-FEIRA, PÁGINA a3",https://acervo.estadao.com.br/pagina/#!/20110906-43057-spo-3-edi-a3-not/busca/NASCIMENTO,https://acervo.estadao.com.br/procura/busca.php?&busca=Carlos+Nascimento&decade=2010%7C2010&page=307
estadao,Carlos Fernando da Costa Almeida de Paiva Nascimento,Carlos+Nascimento,307,"06/09/2011, TERÇA-FEIRA, PÁGINA v2",https://acervo.estadao.com.br/pagina/#!/20110906-43057-nac-51-via-v2-not/busca/nascimento,https://acervo.estadao.com.br/procura/busca.php?&busca=Carlos+Nascimento&decade=2010%7C2010&page=307
estadao,Carlos Fernando da Costa Almeida de Paiva Nascimento,Carlos+Nascimento,307,"20/09/2011, TERÇA-FEIRA, PÁGINA a15",https://acervo.estadao.com.br/pagina/#!/20110920-43071-spo-15-int-a15-not/busca/Nascimento,https://acervo.estadao.com.br/procura/busca.php?&busca=Carlos+Nascimento&decade=2010%7C2010&page=307
estadao,Carlos Fernando da Costa Almeida de Paiva Nascimento,Carlos+Nascimento,307,"20/09/2011, TERÇA-FEIRA, PÁGINA a15",https://acervo.estadao.com.br/pagina/#!/20110920-43071-nac-15-int-a15-not/busca/Nascimento,https://acervo.estadao.com.br/procura/busca.php?&busca=Carlos+Nascimento&decade=2010%7C2010&page=307
estadao,Carlos Fernando da Costa Almeida de Paiva Nascimento,Carlos+Nascimento,307,"14/09/2011, QUARTA-FEIRA, PÁGINA a7",https://acervo.estadao.com.br/pagina/#!/20110914-43065-spo-7-pol-a7-not/busca/NASCIMENTO,https://acervo.estadao.com.br/procura/busca.php?&busca=Carlos+Nascimento&decade=2010%7C2010&page=307
estadao,Carlos Fernando da Costa Almeida de Paiva Nascimento,Carlos+Nascimento,308,"08/05/2011, DOMINGO, PÁGINA ce12",https://acervo.estadao.com.br/pagina/#!/20110508-42936-spo-86-emp-ce12-not/busca/Nascimento,https://acervo.estadao.com.br/procura/busca.php?&busca=Carlos+Nascimento&decade=2010%7C2010&page=308
estadao,Carlos Fernando da Costa Almeida de Paiva Nascimento,Carlos+Nascimento,308,"08/05/2011, DOMINGO, PÁGINA ce12",https://acervo.estadao.com.br/pagina/#!/20110508-42936-nac-86-emp-ce12-not/busca/Nascimento,https://acervo.estadao.com.br/procura/busca.php?&busca=Carlos+Nascimento&decade=2010%7C2010&page=308
estadao,Carlos Fernando da Costa Almeida de Paiva Nascimento,Carlos+Nascimento,308,"15/05/2011, DOMINGO, PÁGINA ce11",https://acervo.estadao.com.br/pagina/#!/20110515-42943-spo-83-emp-ce11-not/busca/Nascimento,https://acervo.estadao.com.br/procura/busca.php?&busca=Carlos+Nascimento&decade=2010%7C2010&page=308
estadao,Carlos Fernando da Costa Almeida de Paiva Nascimento,Carlos+Nascimento,308,"15/05/2011, DOMINGO, PÁGINA ce11",https://acervo.estadao.com.br/pagina/#!/20110515-42943-nac-83-emp-ce11-not/busca/Nascimento,https://acervo.estadao.com.br/procura/busca.php?&busca=Carlos+Nascimento&decade=2010%7C2010&page=308
estadao,Carlos Fernando da Costa Almeida de Paiva Nascimento,Carlos+Nascimento,308,"03/09/2011, SÁBADO, PÁGINA b21",https://acervo.estadao.com.br/pagina/#!/20110903-43054-spo-51-eco-b21-not/busca/Nascimento,https://acervo.estadao.com.br/procura/busca.php?&busca=Carlos+Nascimento&decade=2010%7C2010&page=308
estadao,Carlos Fernando da Costa Almeida de Paiva Nascimento,Carlos+Nascimento,308,"03/09/2011, SÁBADO, PÁGINA b21",https://acervo.estadao.com.br/pagina/#!/20110903-43054-nac-51-eco-b21-not/busca/Nascimento,https://acervo.estadao.com.br/procura/busca.php?&busca=Carlos+Nascimento&decade=2010%7C2010&page=308
estadao,Carlos Fernando da Costa Almeida de Paiva Nascimento,Carlos+Nascimento,308,"12/09/2011, SEGUNDA-FEIRA, PÁGINA a2",https://acervo.estadao.com.br/pagina/#!/20110912-43063-spo-2-opi-a2-not/busca/NASCIMENTO,https://acervo.estadao.com.br/procura/busca.php?&busca=Carlos+Nascimento&decade=2010%7C2010&page=308
estadao,Carlos Fernando da Costa Almeida de Paiva Nascimento,Carlos+Nascimento,308,"12/09/2011, SEGUNDA-FEIRA, PÁGINA a2",https://acervo.estadao.com.br/pagina/#!/20110912-43063-nac-2-opi-a2-not/busca/NASCIMENTO,https://acervo.estadao.com.br/procura/busca.php?&busca=Carlos+Nascimento&decade=2010%7C2010&page=308
estadao,Carlos Fernando da Costa Almeida de Paiva Nascimento,Carlos+Nascimento,308,"07/07/2011, QUINTA-FEIRA, PÁGINA d6",https://acervo.estadao.com.br/pagina/#!/20110707-42996-spo-72-cd2-d6-not/busca/Nascimento,https://acervo.estadao.com.br/procura/busca.php?&busca=Carlos+Nascimento&decade=2010%7C2010&page=308
estadao,Carlos Fernando da Costa Almeida de Paiva Nascimento,Carlos+Nascimento,308,"07/07/2011, QUINTA-FEIRA, PÁGINA d6",https://acervo.estadao.com.br/pagina/#!/20110707-42996-nac-72-cd2-d6-not/busca/Nascimento,https://acervo.estadao.com.br/procura/busca.php?&busca=Carlos+Nascimento&decade=2010%7C2010&page=308
estadao,Carlos Fernando da Costa Almeida de Paiva Nascimento,Carlos+Nascimento,309,"25/01/2011, TERÇA-FEIRA, PÁGINA c6",https://acervo.estadao.com.br/pagina/#!/20110125-42833-spo-35-cid-c6-not/busca/Nascimento+Carlos,https://acervo.estadao.com.br/procura/busca.php?&busca=Carlos+Nascimento&decade=2010%7C2010&page=309
estadao,Carlos Fernando da Costa Almeida de Paiva Nascimento,Carlos+Nascimento,309,"27/01/2011, QUINTA-FEIRA, PÁGINA a5",https://acervo.estadao.com.br/pagina/#!/20110127-42835-nac-5-pol-a5-not/busca/Nascimento,https://acervo.estadao.com.br/procura/busca.php?&busca=Carlos+Nascimento&decade=2010%7C2010&page=309
estadao,Carlos Fernando da Costa Almeida de Paiva Nascimento,Carlos+Nascimento,309,"23/09/2011, SEXTA-FEIRA, PÁGINA d9",https://acervo.estadao.com.br/pagina/#!/20110923-43074-spo-57-cd2-d9-not/busca/Nascimento,https://acervo.estadao.com.br/procura/busca.php?&busca=Carlos+Nascimento&decade=2010%7C2010&page=309
estadao,Carlos Fernando da Costa Almeida de Paiva Nascimento,Carlos+Nascimento,309,"23/09/2011, SEXTA-FEIRA, PÁGINA d9",https://acervo.estadao.com.br/pagina/#!/20110923-43074-nac-55-cd2-d9-not/busca/Nascimento,https://acervo.estadao.com.br/procura/busca.php?&busca=Carlos+Nascimento&decade=2010%7C2010&page=309
estadao,Carlos Fernando da Costa Almeida de Paiva Nascimento,Carlos+Nascimento,309,"09/06/2011, QUINTA-FEIRA, PÁGINA c2",https://acervo.estadao.com.br/pagina/#!/20110609-42968-spo-43-cid-c2-not/busca/nascimento,https://acervo.estadao.com.br/procura/busca.php?&busca=Carlos+Nascimento&decade=2010%7C2010&page=309
estadao,Carlos Fernando da Costa Almeida de Paiva Nascimento,Carlos+Nascimento,309,"09/06/2011, QUINTA-FEIRA, PÁGINA c2",https://acervo.estadao.com.br/pagina/#!/20110609-42968-nac-41-cid-c2-not/busca/nascimento,https://acervo.estadao.com.br/procura/busca.php?&busca=Carlos+Nascimento&decade=2010%7C2010&page=309
estadao,Carlos Fernando da Costa Almeida de Paiva Nascimento,Carlos+Nascimento,309,"02/04/2011, SÁBADO, PÁGINA c4",https://acervo.estadao.com.br/pagina/#!/20110402-42900-nac-54-cid-c4-not/busca/NASCIMENTO,https://acervo.estadao.com.br/procura/busca.php?&busca=Carlos+Nascimento&decade=2010%7C2010&page=309
estadao,Carlos Fernando da Costa Almeida de Paiva Nascimento,Carlos+Nascimento,309,"11/04/2011, SEGUNDA-FEIRA, PÁGINA a2",https://acervo.estadao.com.br/pagina/#!/20110411-42909-nac-2-opi-a2-not/busca/Nascimento,https://acervo.estadao.com.br/procura/busca.php?&busca=Carlos+Nascimento&decade=2010%7C2010&page=309
estadao,Carlos Fernando da Costa Almeida de Paiva Nascimento,Carlos+Nascimento,310,"14/03/2013, QUINTA-FEIRA, PÁGINA d9",https://acervo.estadao.com.br/pagina/#!/20130314-43612-nac-72-cd2-d9-not/busca/Nascimento,https://acervo.estadao.com.br/procura/busca.php?&busca=Carlos+Nascimento&decade=2010%7C2010&page=310
estadao,Carlos Fernando da Costa Almeida de Paiva Nascimento,Carlos+Nascimento,310,"16/03/2013, SÁBADO, PÁGINA d5",https://acervo.estadao.com.br/pagina/#!/20130316-43614-nac-100-cd2-d5-not/busca/NASCIMENTO,https://acervo.estadao.com.br/procura/busca.php?&busca=Carlos+Nascimento&decade=2010%7C2010&page=310
estadao,Carlos Fernando da Costa Almeida de Paiva Nascimento,Carlos+Nascimento,310,"14/03/2013, QUINTA-FEIRA, PÁGINA d9",https://acervo.estadao.com.br/pagina/#!/20130314-43612-spo-75-cd2-d9-not/busca/Nascimento,https://acervo.estadao.com.br/procura/busca.php?&busca=Carlos+Nascimento&decade=2010%7C2010&page=310
estadao,Carlos Fernando da Costa Almeida de Paiva Nascimento,Carlos+Nascimento,311,"18/08/2012, SÁBADO, PÁGINA d3",https://acervo.estadao.com.br/pagina/#!/20120818-43404-spo-84-cd2-d3-not/busca/Nascimento+Carlos,https://acervo.estadao.com.br/procura/busca.php?&busca=Carlos+Nascimento&decade=2010%7C2010&page=311
estadao,Carlos Fernando da Costa Almeida de Paiva Nascimento,Carlos+Nascimento,311,"19/08/2012, DOMINGO, PÁGINA ce10",https://acervo.estadao.com.br/pagina/#!/20120819-43405-nac-75-emp-ce10-not/busca/Nascimento,https://acervo.estadao.com.br/procura/busca.php?&busca=Carlos+Nascimento&decade=2010%7C2010&page=311
estadao,Carlos Fernando da Costa Almeida de Paiva Nascimento,Carlos+Nascimento,311,"19/08/2012, DOMINGO, PÁGINA ce10",https://acervo.estadao.com.br/pagina/#!/20120819-43405-spo-75-emp-ce10-not/busca/Nascimento,https://acervo.estadao.com.br/procura/busca.php?&busca=Carlos+Nascimento&decade=2010%7C2010&page=311
estadao,Carlos Fernando da Costa Almeida de Paiva Nascimento,Carlos+Nascimento,311,"20/08/2012, SEGUNDA-FEIRA, PÁGINA d3",https://acervo.estadao.com.br/pagina/#!/20120820-43406-nac-36-cd2-d3-not/busca/Nascimento,https://acervo.estadao.com.br/procura/busca.php?&busca=Carlos+Nascimento&decade=2010%7C2010&page=311
estadao,Carlos Fernando da Costa Almeida de Paiva Nascimento,Carlos+Nascimento,311,"20/08/2012, SEGUNDA-FEIRA, PÁGINA d3",https://acervo.estadao.com.br/pagina/#!/20120820-43406-spo-36-cd2-d3-not/busca/Nascimento,https://acervo.estadao.com.br/procura/busca.php?&busca=Carlos+Nascimento&decade=2010%7C2010&page=311
estadao,Carlos Fernando da Costa Almeida de Paiva Nascimento,Carlos+Nascimento,311,"21/08/2012, TERÇA-FEIRA, PÁGINA a2",https://acervo.estadao.com.br/pagina/#!/20120821-43407-nac-2-opi-a2-not/busca/nascimento,https://acervo.estadao.com.br/procura/busca.php?&busca=Carlos+Nascimento&decade=2010%7C2010&page=311
estadao,Carlos Fernando da Costa Almeida de Paiva Nascimento,Carlos+Nascimento,311,"21/08/2012, TERÇA-FEIRA, PÁGINA a2",https://acervo.estadao.com.br/pagina/#!/20120821-43407-spo-2-opi-a2-not/busca/nascimento,https://acervo.estadao.com.br/procura/busca.php?&busca=Carlos+Nascimento&decade=2010%7C2010&page=311
estadao,Carlos Fernando da Costa Almeida de Paiva Nascimento,Carlos+Nascimento,311,"02/08/2012, QUINTA-FEIRA, PÁGINA c6",https://acervo.estadao.com.br/pagina/#!/20120802-43388-spo-46-cid-c6-not/busca/Nascimento,https://acervo.estadao.com.br/procura/busca.php?&busca=Carlos+Nascimento&decade=2010%7C2010&page=311
estadao,Carlos Fernando da Costa Almeida de Paiva Nascimento,Carlos+Nascimento,311,"18/08/2012, SÁBADO, PÁGINA d3",https://acervo.estadao.com.br/pagina/#!/20120818-43404-nac-84-cd2-d3-not/busca/Nascimento+Carlos,https://acervo.estadao.com.br/procura/busca.php?&busca=Carlos+Nascimento&decade=2010%7C2010&page=311
estadao,Carlos Fernando da Costa Almeida de Paiva Nascimento,Carlos+Nascimento,311,"07/08/2012, TERÇA-FEIRA, PÁGINA c4",https://acervo.estadao.com.br/pagina/#!/20120807-43393-spo-32-cid-c4-not/busca/Nascimento,https://acervo.estadao.com.br/procura/busca.php?&busca=Carlos+Nascimento&decade=2010%7C2010&page=311
estadao,Carlos Fernando da Costa Almeida de Paiva Nascimento,Carlos+Nascimento,312,"07/08/2012, TERÇA-FEIRA, PÁGINA c4",https://acervo.estadao.com.br/pagina/#!/20120807-43393-nac-32-cid-c4-not/busca/Nascimento,https://acervo.estadao.com.br/procura/busca.php?&busca=Carlos+Nascimento&decade=2010%7C2010&page=312
estadao,Carlos Fernando da Costa Almeida de Paiva Nascimento,Carlos+Nascimento,312,"14/08/2012, TERÇA-FEIRA, PÁGINA a9",https://acervo.estadao.com.br/pagina/#!/20120814-43400-spo-9-pol-a9-not/busca/NASCIMENTO,https://acervo.estadao.com.br/procura/busca.php?&busca=Carlos+Nascimento&decade=2010%7C2010&page=312
estadao,Carlos Fernando da Costa Almeida de Paiva Nascimento,Carlos+Nascimento,312,"14/08/2012, TERÇA-FEIRA, PÁGINA a6",https://acervo.estadao.com.br/pagina/#!/20120814-43400-spo-6-pol-a6-not/busca/NASCIMENTO,https://acervo.estadao.com.br/procura/busca.php?&busca=Carlos+Nascimento&decade=2010%7C2010&page=312
estadao,Carlos Fernando da Costa Almeida de Paiva Nascimento,Carlos+Nascimento,312,"14/08/2012, TERÇA-FEIRA, PÁGINA a9",https://acervo.estadao.com.br/pagina/#!/20120814-43400-nac-9-pol-a9-not/busca/NASCIMENTO,https://acervo.estadao.com.br/procura/busca.php?&busca=Carlos+Nascimento&decade=2010%7C2010&page=312
estadao,Carlos Fernando da Costa Almeida de Paiva Nascimento,Carlos+Nascimento,312,"11/08/2012, SÁBADO, PÁGINA s6",https://acervo.estadao.com.br/pagina/#!/20120811-43397-nac-116-sab-s6-not/busca/Nascimento,https://acervo.estadao.com.br/procura/busca.php?&busca=Carlos+Nascimento&decade=2010%7C2010&page=312
estadao,Carlos Fernando da Costa Almeida de Paiva Nascimento,Carlos+Nascimento,312,"11/08/2012, SÁBADO, PÁGINA s6",https://acervo.estadao.com.br/pagina/#!/20120811-43397-spo-119-sab-s6-not/busca/Nascimento,https://acervo.estadao.com.br/procura/busca.php?&busca=Carlos+Nascimento&decade=2010%7C2010&page=312
estadao,Carlos Fernando da Costa Almeida de Paiva Nascimento,Carlos+Nascimento,312,"28/07/2012, SÁBADO, PÁGINA c4",https://acervo.estadao.com.br/pagina/#!/20120728-43383-nac-32-cid-c4-not/busca/Nascimento,https://acervo.estadao.com.br/procura/busca.php?&busca=Carlos+Nascimento&decade=2010%7C2010&page=312
estadao,Carlos Fernando da Costa Almeida de Paiva Nascimento,Carlos+Nascimento,312,"04/08/2012, SÁBADO, PÁGINA c2",https://acervo.estadao.com.br/pagina/#!/20120804-43390-spo-36-cid-c2-not/busca/NASCIMENTO,https://acervo.estadao.com.br/procura/busca.php?&busca=Carlos+Nascimento&decade=2010%7C2010&page=312
estadao,Carlos Fernando da Costa Almeida de Paiva Nascimento,Carlos+Nascimento,312,"04/08/2012, SÁBADO, PÁGINA c2",https://acervo.estadao.com.br/pagina/#!/20120804-43390-nac-36-cid-c2-not/busca/NASCIMENTO,https://acervo.estadao.com.br/procura/busca.php?&busca=Carlos+Nascimento&decade=2010%7C2010&page=312
estadao,Carlos Fernando da Costa Almeida de Paiva Nascimento,Carlos+Nascimento,313,"11/07/2013, QUINTA-FEIRA, PÁGINA a2",https://acervo.estadao.com.br/pagina/#!/20130711-43731-nac-2-opi-a2-not/busca/Nascimento,https://acervo.estadao.com.br/procura/busca.php?&busca=Carlos+Nascimento&decade=2010%7C2010&page=313
estadao,Carlos Fernando da Costa Almeida de Paiva Nascimento,Carlos+Nascimento,313,"21/06/2013, SEXTA-FEIRA, PÁGINA a3",https://acervo.estadao.com.br/pagina/#!/20130621-43711-spo-3-edi-a3-not/busca/NASCIMENTO,https://acervo.estadao.com.br/procura/busca.php?&busca=Carlos+Nascimento&decade=2010%7C2010&page=313
estadao,Carlos Fernando da Costa Almeida de Paiva Nascimento,Carlos+Nascimento,313,"21/06/2013, SEXTA-FEIRA, PÁGINA a3",https://acervo.estadao.com.br/pagina/#!/20130621-43711-nac-3-edi-a3-not/busca/NASCIMENTO,https://acervo.estadao.com.br/procura/busca.php?&busca=Carlos+Nascimento&decade=2010%7C2010&page=313
estadao,Carlos Fernando da Costa Almeida de Paiva Nascimento,Carlos+Nascimento,313,"23/06/2013, DOMINGO, PÁGINA c7",https://acervo.estadao.com.br/pagina/#!/20130623-43713-spo-41-cd2-c7-not/busca/nascimento,https://acervo.estadao.com.br/procura/busca.php?&busca=Carlos+Nascimento&decade=2010%7C2010&page=313
estadao,Carlos Fernando da Costa Almeida de Paiva Nascimento,Carlos+Nascimento,313,"26/01/2014, DOMINGO, PÁGINA a22",https://acervo.estadao.com.br/pagina/#!/20140126-43930-spo-20-mrt-a22-not/busca/Nascimento,https://acervo.estadao.com.br/procura/busca.php?&busca=Carlos+Nascimento&decade=2010%7C2010&page=313
estadao,Carlos Fernando da Costa Almeida de Paiva Nascimento,Carlos+Nascimento,313,"26/01/2014, DOMINGO, PÁGINA a22",https://acervo.estadao.com.br/pagina/#!/20140126-43930-nac-20-mrt-a22-not/busca/Nascimento,https://acervo.estadao.com.br/procura/busca.php?&busca=Carlos+Nascimento&decade=2010%7C2010&page=313
estadao,Carlos Fernando da Costa Almeida de Paiva Nascimento,Carlos+Nascimento,313,"02/02/2014, DOMINGO, PÁGINA co6",https://acervo.estadao.com.br/pagina/#!/20140202-43937-spo-91-opr-co6-not/busca/Nascimento,https://acervo.estadao.com.br/procura/busca.php?&busca=Carlos+Nascimento&decade=2010%7C2010&page=313
estadao,Carlos Fernando da Costa Almeida de Paiva Nascimento,Carlos+Nascimento,314,"17/06/2011, SEXTA-FEIRA, PÁGINA a3",https://acervo.estadao.com.br/pagina/#!/20110617-42976-nac-3-edi-a3-not/busca/NASCIMENTO,https://acervo.estadao.com.br/procura/busca.php?&busca=Carlos+Nascimento&decade=2010%7C2010&page=314
estadao,Carlos Fernando da Costa Almeida de Paiva Nascimento,Carlos+Nascimento,314,"15/11/2013, SEXTA-FEIRA, PÁGINA a27",https://acervo.estadao.com.br/pagina/#!/20131115-43858-nac-26-mrt-a27-not/busca/Nascimento,https://acervo.estadao.com.br/procura/busca.php?&busca=Carlos+Nascimento&decade=2010%7C2010&page=314
estadao,Carlos Fernando da Costa Almeida de Paiva Nascimento,Carlos+Nascimento,314,"12/10/2014, DOMINGO, PÁGINA co6",https://acervo.estadao.com.br/pagina/#!/20141012-44189-nac-106-opr-co6-not/busca/Nascimento,https://acervo.estadao.com.br/procura/busca.php?&busca=Carlos+Nascimento&decade=2010%7C2010&page=314
estadao,Carlos Fernando da Costa Almeida de Paiva Nascimento,Carlos+Nascimento,314,"12/10/2014, DOMINGO, PÁGINA co6",https://acervo.estadao.com.br/pagina/#!/20141012-44189-spo-106-opr-co6-not/busca/Nascimento,https://acervo.estadao.com.br/procura/busca.php?&busca=Carlos+Nascimento&decade=2010%7C2010&page=314
estadao,Carlos Fernando da Costa Almeida de Paiva Nascimento,Carlos+Nascimento,314,"22/10/2014, QUARTA-FEIRA, PÁGINA c3",https://acervo.estadao.com.br/pagina/#!/20141022-44199-spo-41-cd2-c3-not/busca/NASCIMENTO,https://acervo.estadao.com.br/procura/busca.php?&busca=Carlos+Nascimento&decade=2010%7C2010&page=314
estadao,Carlos Fernando da Costa Almeida de Paiva Nascimento,Carlos+Nascimento,315,"22/10/2014, QUARTA-FEIRA, PÁGINA c3",https://acervo.estadao.com.br/pagina/#!/20141022-44199-nac-41-cd2-c3-not/busca/NASCIMENTO,https://acervo.estadao.com.br/procura/busca.php?&busca=Carlos+Nascimento&decade=2010%7C2010&page=315
estadao,Carlos Fernando da Costa Almeida de Paiva Nascimento,Carlos+Nascimento,315,"23/10/2014, QUINTA-FEIRA, PÁGINA c5",https://acervo.estadao.com.br/pagina/#!/20141023-44200-nac-50-cd2-c5-not/busca/nascimento,https://acervo.estadao.com.br/procura/busca.php?&busca=Carlos+Nascimento&decade=2010%7C2010&page=315
estadao,Carlos Fernando da Costa Almeida de Paiva Nascimento,Carlos+Nascimento,315,"23/10/2014, QUINTA-FEIRA, PÁGINA c5",https://acervo.estadao.com.br/pagina/#!/20141023-44200-spo-50-cd2-c5-not/busca/nascimento,https://acervo.estadao.com.br/procura/busca.php?&busca=Carlos+Nascimento&decade=2010%7C2010&page=315
estadao,Carlos Fernando da Costa Almeida de Paiva Nascimento,Carlos+Nascimento,315,"26/08/2013, SEGUNDA-FEIRA, PÁGINA c9",https://acervo.estadao.com.br/pagina/#!/20130826-43777-nac-40-cd2-c9-not/busca/Nascimento,https://acervo.estadao.com.br/procura/busca.php?&busca=Carlos+Nascimento&decade=2010%7C2010&page=315
estadao,Carlos Fernando da Costa Almeida de Paiva Nascimento,Carlos+Nascimento,315,"26/08/2013, SEGUNDA-FEIRA, PÁGINA c9",https://acervo.estadao.com.br/pagina/#!/20130826-43777-spo-40-cd2-c9-not/busca/Nascimento,https://acervo.estadao.com.br/procura/busca.php?&busca=Carlos+Nascimento&decade=2010%7C2010&page=315
estadao,Carlos Fernando da Costa Almeida de Paiva Nascimento,Carlos+Nascimento,315,"11/10/2014, SÁBADO, PÁGINA a10",https://acervo.estadao.com.br/pagina/#!/20141011-44188-spo-9-pol-a10-not/busca/Nascimento,https://acervo.estadao.com.br/procura/busca.php?&busca=Carlos+Nascimento&decade=2010%7C2010&page=315
estadao,Carlos Fernando da Costa Almeida de Paiva Nascimento,Carlos+Nascimento,315,"11/10/2014, SÁBADO, PÁGINA a10",https://acervo.estadao.com.br/pagina/#!/20141011-44188-nac-9-pol-a10-not/busca/Nascimento,https://acervo.estadao.com.br/procura/busca.php?&busca=Carlos+Nascimento&decade=2010%7C2010&page=315
estadao,Carlos Fernando da Costa Almeida de Paiva Nascimento,Carlos+Nascimento,315,"21/08/2013, QUARTA-FEIRA, PÁGINA b6",https://acervo.estadao.com.br/pagina/#!/20130821-43772-nac-31-eco-b6-not/busca/Nascimento,https://acervo.estadao.com.br/procura/busca.php?&busca=Carlos+Nascimento&decade=2010%7C2010&page=315
estadao,Carlos Fernando da Costa Almeida de Paiva Nascimento,Carlos+Nascimento,315,"21/08/2013, QUARTA-FEIRA, PÁGINA b6",https://acervo.estadao.com.br/pagina/#!/20130821-43772-spo-31-eco-b6-not/busca/Nascimento,https://acervo.estadao.com.br/procura/busca.php?&busca=Carlos+Nascimento&decade=2010%7C2010&page=315
estadao,Carlos Fernando da Costa Almeida de Paiva Nascimento,Carlos+Nascimento,315,"27/10/2013, DOMINGO, PÁGINA ce10",https://acervo.estadao.com.br/pagina/#!/20131027-43839-spo-91-emp-ce10-not/busca/Nascimento,https://acervo.estadao.com.br/procura/busca.php?&busca=Carlos+Nascimento&decade=2010%7C2010&page=315
estadao,Carlos Fernando da Costa Almeida de Paiva Nascimento,Carlos+Nascimento,316,"07/09/2014, DOMINGO, PÁGINA ce8",https://acervo.estadao.com.br/pagina/#!/20140907-44154-spo-72-emp-ce8-not/busca/Nascimento,https://acervo.estadao.com.br/procura/busca.php?&busca=Carlos+Nascimento&decade=2010%7C2010&page=316
estadao,Carlos Fernando da Costa Almeida de Paiva Nascimento,Carlos+Nascimento,316,"10/08/2013, SÁBADO, PÁGINA a10",https://acervo.estadao.com.br/pagina/#!/20130810-43761-nac-10-pol-a10-not/busca/nascimento,https://acervo.estadao.com.br/procura/busca.php?&busca=Carlos+Nascimento&decade=2010%7C2010&page=316
estadao,Carlos Fernando da Costa Almeida de Paiva Nascimento,Carlos+Nascimento,316,"29/10/2013, TERÇA-FEIRA, PÁGINA c8",https://acervo.estadao.com.br/pagina/#!/20131029-43841-nac-42-cd2-c8-not/busca/Nascimento,https://acervo.estadao.com.br/procura/busca.php?&busca=Carlos+Nascimento&decade=2010%7C2010&page=316
estadao,Carlos Fernando da Costa Almeida de Paiva Nascimento,Carlos+Nascimento,316,"29/10/2013, TERÇA-FEIRA, PÁGINA a18",https://acervo.estadao.com.br/pagina/#!/20131029-43841-nac-18-esp-a18-not/busca/NASCIMENTO,https://acervo.estadao.com.br/procura/busca.php?&busca=Carlos+Nascimento&decade=2010%7C2010&page=316
estadao,Carlos Fernando da Costa Almeida de Paiva Nascimento,Carlos+Nascimento,316,"29/10/2013, TERÇA-FEIRA, PÁGINA a18",https://acervo.estadao.com.br/pagina/#!/20131029-43841-spo-18-esp-a18-not/busca/NASCIMENTO,https://acervo.estadao.com.br/procura/busca.php?&busca=Carlos+Nascimento&decade=2010%7C2010&page=316
estadao,Carlos Fernando da Costa Almeida de Paiva Nascimento,Carlos+Nascimento,316,"29/10/2013, TERÇA-FEIRA, PÁGINA c8",https://acervo.estadao.com.br/pagina/#!/20131029-43841-spo-42-cd2-c8-not/busca/Nascimento,https://acervo.estadao.com.br/procura/busca.php?&busca=Carlos+Nascimento&decade=2010%7C2010&page=316
estadao,Carlos Fernando da Costa Almeida de Paiva Nascimento,Carlos+Nascimento,316,"07/09/2014, DOMINGO, PÁGINA ce8",https://acervo.estadao.com.br/pagina/#!/20140907-44154-nac-72-emp-ce8-not/busca/Nascimento,https://acervo.estadao.com.br/procura/busca.php?&busca=Carlos+Nascimento&decade=2010%7C2010&page=316
estadao,Carlos Fernando da Costa Almeida de Paiva Nascimento,Carlos+Nascimento,316,"03/11/2013, DOMINGO, PÁGINA d4",https://acervo.estadao.com.br/pagina/#!/20131103-43846-nac-118-esp-d4-not/busca/Nascimento,https://acervo.estadao.com.br/procura/busca.php?&busca=Carlos+Nascimento&decade=2010%7C2010&page=316
estadao,Carlos Fernando da Costa Almeida de Paiva Nascimento,Carlos+Nascimento,316,"20/08/2013, TERÇA-FEIRA, PÁGINA c5",https://acervo.estadao.com.br/pagina/#!/20130820-43771-nac-39-cd2-c5-not/busca/Nascimento,https://acervo.estadao.com.br/procura/busca.php?&busca=Carlos+Nascimento&decade=2010%7C2010&page=316
estadao,Carlos Fernando da Costa Almeida de Paiva Nascimento,Carlos+Nascimento,316,"20/08/2013, TERÇA-FEIRA, PÁGINA c5",https://acervo.estadao.com.br/pagina/#!/20130820-43771-spo-39-cd2-c5-not/busca/Nascimento,https://acervo.estadao.com.br/procura/busca.php?&busca=Carlos+Nascimento&decade=2010%7C2010&page=316
estadao,Carlos Fernando da Costa Almeida de Paiva Nascimento,Carlos+Nascimento,317,"19/11/2014, QUARTA-FEIRA, PÁGINA c9",https://acervo.estadao.com.br/pagina/#!/20141119-44227-spo-45-cd2-c9-not/busca/nascimento,https://acervo.estadao.com.br/procura/busca.php?&busca=Carlos+Nascimento&decade=2010%7C2010&page=317
estadao,Carlos Fernando da Costa Almeida de Paiva Nascimento,Carlos+Nascimento,317,"19/11/2014, QUARTA-FEIRA, PÁGINA c9",https://acervo.estadao.com.br/pagina/#!/20141119-44227-nac-45-cd2-c9-not/busca/nascimento,https://acervo.estadao.com.br/procura/busca.php?&busca=Carlos+Nascimento&decade=2010%7C2010&page=317
estadao,Carlos Fernando da Costa Almeida de Paiva Nascimento,Carlos+Nascimento,317,"14/11/2014, SEXTA-FEIRA, PÁGINA 78",https://acervo.estadao.com.br/pagina/#!/20141114-44222-nac-127-gui-78-not/busca/Nascimento,https://acervo.estadao.com.br/procura/busca.php?&busca=Carlos+Nascimento&decade=2010%7C2010&page=317
estadao,Carlos Fernando da Costa Almeida de Paiva Nascimento,Carlos+Nascimento,317,"14/11/2014, SEXTA-FEIRA, PÁGINA 78",https://acervo.estadao.com.br/pagina/#!/20141114-44222-spo-133-gui-78-not/busca/Nascimento,https://acervo.estadao.com.br/procura/busca.php?&busca=Carlos+Nascimento&decade=2010%7C2010&page=317
estadao,Carlos Fernando da Costa Almeida de Paiva Nascimento,Carlos+Nascimento,317,"06/01/2015, TERÇA-FEIRA, PÁGINA a4",https://acervo.estadao.com.br/pagina/#!/20150106-44275-nac-4-pol-a4-not/busca/Nascimento,https://acervo.estadao.com.br/procura/busca.php?&busca=Carlos+Nascimento&decade=2010%7C2010&page=317
estadao,Carlos Fernando da Costa Almeida de Paiva Nascimento,Carlos+Nascimento,317,"06/01/2015, TERÇA-FEIRA, PÁGINA b13",https://acervo.estadao.com.br/pagina/#!/20150106-44275-nac-29-eng-b13-not/busca/Nascimento,https://acervo.estadao.com.br/procura/busca.php?&busca=Carlos+Nascimento&decade=2010%7C2010&page=317
estadao,Carlos Fernando da Costa Almeida de Paiva Nascimento,Carlos+Nascimento,317,"06/01/2015, TERÇA-FEIRA, PÁGINA b13",https://acervo.estadao.com.br/pagina/#!/20150106-44275-spo-29-eng-b13-not/busca/Nascimento,https://acervo.estadao.com.br/procura/busca.php?&busca=Carlos+Nascimento&decade=2010%7C2010&page=317
estadao,Carlos Fernando da Costa Almeida de Paiva Nascimento,Carlos+Nascimento,317,"06/01/2015, TERÇA-FEIRA, PÁGINA a4",https://acervo.estadao.com.br/pagina/#!/20150106-44275-spo-4-pol-a4-not/busca/Nascimento,https://acervo.estadao.com.br/procura/busca.php?&busca=Carlos+Nascimento&decade=2010%7C2010&page=317
estadao,Carlos Fernando da Costa Almeida de Paiva Nascimento,Carlos+Nascimento,317,"11/05/2014, DOMINGO, PÁGINA co6",https://acervo.estadao.com.br/pagina/#!/20140511-44035-nac-114-opr-co6-not/busca/Nascimento,https://acervo.estadao.com.br/procura/busca.php?&busca=Carlos+Nascimento&decade=2010%7C2010&page=317
estadao,Carlos Fernando da Costa Almeida de Paiva Nascimento,Carlos+Nascimento,317,"11/05/2014, DOMINGO, PÁGINA co6",https://acervo.estadao.com.br/pagina/#!/20140511-44035-spo-114-opr-co6-not/busca/Nascimento,https://acervo.estadao.com.br/procura/busca.php?&busca=Carlos+Nascimento&decade=2010%7C2010&page=317
estadao,Carlos Fernando da Costa Almeida de Paiva Nascimento,Carlos+Nascimento,318,"02/10/2013, QUARTA-FEIRA, PÁGINA ca11",https://acervo.estadao.com.br/pagina/#!/20131002-43814-nac-60-aac-ca11-not/busca/NASCIMENTO,https://acervo.estadao.com.br/procura/busca.php?&busca=Carlos+Nascimento&decade=2010%7C2010&page=318
estadao,Carlos Fernando da Costa Almeida de Paiva Nascimento,Carlos+Nascimento,318,"02/10/2013, QUARTA-FEIRA, PÁGINA ca11",https://acervo.estadao.com.br/pagina/#!/20131002-43814-spo-60-aac-ca11-not/busca/NASCIMENTO,https://acervo.estadao.com.br/procura/busca.php?&busca=Carlos+Nascimento&decade=2010%7C2010&page=318
estadao,Carlos Fernando da Costa Almeida de Paiva Nascimento,Carlos+Nascimento,318,"21/09/2013, SÁBADO, PÁGINA b16",https://acervo.estadao.com.br/pagina/#!/20130921-43803-nac-54-eng-b16-not/busca/Nascimento,https://acervo.estadao.com.br/procura/busca.php?&busca=Carlos+Nascimento&decade=2010%7C2010&page=318
estadao,Carlos Fernando da Costa Almeida de Paiva Nascimento,Carlos+Nascimento,318,"02/03/2012, SEXTA-FEIRA, PÁGINA a4",https://acervo.estadao.com.br/pagina/#!/20120302-43235-nac-4-pol-a4-not/busca/Nascimento,https://acervo.estadao.com.br/procura/busca.php?&busca=Carlos+Nascimento&decade=2010%7C2010&page=318
estadao,Carlos Fernando da Costa Almeida de Paiva Nascimento,Carlos+Nascimento,318,"08/04/2012, DOMINGO, PÁGINA co6",https://acervo.estadao.com.br/pagina/#!/20120408-43272-nac-80-opr-co6-not/busca/Nascimento,https://acervo.estadao.com.br/procura/busca.php?&busca=Carlos+Nascimento&decade=2010%7C2010&page=318
estadao,Carlos Fernando da Costa Almeida de Paiva Nascimento,Carlos+Nascimento,318,"08/04/2012, DOMINGO, PÁGINA co6",https://acervo.estadao.com.br/pagina/#!/20120408-43272-spo-80-opr-co6-not/busca/Nascimento,https://acervo.estadao.com.br/procura/busca.php?&busca=Carlos+Nascimento&decade=2010%7C2010&page=318
estadao,Carlos Fernando da Costa Almeida de Paiva Nascimento,Carlos+Nascimento,319,"10/03/2012, SÁBADO, PÁGINA a12",https://acervo.estadao.com.br/pagina/#!/20120310-43243-nac-12-pol-a12-not/busca/Nascimento,https://acervo.estadao.com.br/procura/busca.php?&busca=Carlos+Nascimento&decade=2010%7C2010&page=319
estadao,Carlos Fernando da Costa Almeida de Paiva Nascimento,Carlos+Nascimento,319,"10/03/2012, SÁBADO, PÁGINA a12",https://acervo.estadao.com.br/pagina/#!/20120310-43243-spo-12-pol-a12-not/busca/Nascimento,https://acervo.estadao.com.br/procura/busca.php?&busca=Carlos+Nascimento&decade=2010%7C2010&page=319
estadao,Carlos Fernando da Costa Almeida de Paiva Nascimento,Carlos+Nascimento,319,"12/03/2012, SEGUNDA-FEIRA, PÁGINA c4",https://acervo.estadao.com.br/pagina/#!/20120312-43245-nac-30-cid-c4-not/busca/Nascimento,https://acervo.estadao.com.br/procura/busca.php?&busca=Carlos+Nascimento&decade=2010%7C2010&page=319
estadao,Carlos Fernando da Costa Almeida de Paiva Nascimento,Carlos+Nascimento,319,"12/03/2012, SEGUNDA-FEIRA, PÁGINA c6",https://acervo.estadao.com.br/pagina/#!/20120312-43245-spo-32-cid-c6-not/busca/Nascimento,https://acervo.estadao.com.br/procura/busca.php?&busca=Carlos+Nascimento&decade=2010%7C2010&page=319
estadao,Carlos Fernando da Costa Almeida de Paiva Nascimento,Carlos+Nascimento,319,"14/03/2012, QUARTA-FEIRA, PÁGINA d5",https://acervo.estadao.com.br/pagina/#!/20120314-43247-spo-50-cd2-d5-not/busca/Nascimento,https://acervo.estadao.com.br/procura/busca.php?&busca=Carlos+Nascimento&decade=2010%7C2010&page=319
estadao,Carlos Fernando da Costa Almeida de Paiva Nascimento,Carlos+Nascimento,319,"21/03/2012, QUARTA-FEIRA, PÁGINA a3",https://acervo.estadao.com.br/pagina/#!/20120321-43254-nac-3-edi-a3-not/busca/Nascimento,https://acervo.estadao.com.br/procura/busca.php?&busca=Carlos+Nascimento&decade=2010%7C2010&page=319
estadao,Carlos Fernando da Costa Almeida de Paiva Nascimento,Carlos+Nascimento,319,"14/02/2012, TERÇA-FEIRA, PÁGINA a8",https://acervo.estadao.com.br/pagina/#!/20120214-43218-nac-8-pol-a8-not/busca/Nascimento,https://acervo.estadao.com.br/procura/busca.php?&busca=Carlos+Nascimento&decade=2010%7C2010&page=319
estadao,Carlos Fernando da Costa Almeida de Paiva Nascimento,Carlos+Nascimento,319,"17/02/2012, SEXTA-FEIRA, PÁGINA a3",https://acervo.estadao.com.br/pagina/#!/20120217-43221-nac-3-edi-a3-not/busca/NASCIMENTO,https://acervo.estadao.com.br/procura/busca.php?&busca=Carlos+Nascimento&decade=2010%7C2010&page=319
estadao,Carlos Fernando da Costa Almeida de Paiva Nascimento,Carlos+Nascimento,320,"01/08/2014, SEXTA-FEIRA, PÁGINA c9",https://acervo.estadao.com.br/pagina/#!/20140801-44117-spo-48-cd2-c9-not/busca/Nascimento,https://acervo.estadao.com.br/procura/busca.php?&busca=Carlos+Nascimento&decade=2010%7C2010&page=320
estadao,Carlos Fernando da Costa Almeida de Paiva Nascimento,Carlos+Nascimento,320,"01/08/2014, SEXTA-FEIRA, PÁGINA c9",https://acervo.estadao.com.br/pagina/#!/20140801-44117-nac-48-cd2-c9-not/busca/Nascimento,https://acervo.estadao.com.br/procura/busca.php?&busca=Carlos+Nascimento&decade=2010%7C2010&page=320
estadao,Carlos Fernando da Costa Almeida de Paiva Nascimento,Carlos+Nascimento,320,"17/07/2014, QUINTA-FEIRA, PÁGINA a3",https://acervo.estadao.com.br/pagina/#!/20140717-44102-spo-3-edi-a3-not/busca/nascimento,https://acervo.estadao.com.br/procura/busca.php?&busca=Carlos+Nascimento&decade=2010%7C2010&page=320
estadao,Carlos Fernando da Costa Almeida de Paiva Nascimento,Carlos+Nascimento,320,"17/07/2014, QUINTA-FEIRA, PÁGINA a3",https://acervo.estadao.com.br/pagina/#!/20140717-44102-nac-3-edi-a3-not/busca/nascimento,https://acervo.estadao.com.br/procura/busca.php?&busca=Carlos+Nascimento&decade=2010%7C2010&page=320
estadao,Carlos Fernando da Costa Almeida de Paiva Nascimento,Carlos+Nascimento,320,"16/08/2014, SÁBADO, PÁGINA c5",https://acervo.estadao.com.br/pagina/#!/20140816-44132-spo-58-cd2-c5-not/busca/nascimento,https://acervo.estadao.com.br/procura/busca.php?&busca=Carlos+Nascimento&decade=2010%7C2010&page=320
estadao,Carlos Fernando da Costa Almeida de Paiva Nascimento,Carlos+Nascimento,320,"16/08/2014, SÁBADO, PÁGINA c5",https://acervo.estadao.com.br/pagina/#!/20140816-44132-nac-58-cd2-c5-not/busca/nascimento,https://acervo.estadao.com.br/procura/busca.php?&busca=Carlos+Nascimento&decade=2010%7C2010&page=320
estadao,Carlos Fernando da Costa Almeida de Paiva Nascimento,Carlos+Nascimento,320,"23/08/2014, SÁBADO, PÁGINA a3",https://acervo.estadao.com.br/pagina/#!/20140823-44139-spo-3-edi-a3-not/busca/nascimento,https://acervo.estadao.com.br/procura/busca.php?&busca=Carlos+Nascimento&decade=2010%7C2010&page=320
estadao,Carlos Fernando da Costa Almeida de Paiva Nascimento,Carlos+Nascimento,320,"23/08/2014, SÁBADO, PÁGINA a3",https://acervo.estadao.com.br/pagina/#!/20140823-44139-nac-3-edi-a3-not/busca/nascimento,https://acervo.estadao.com.br/procura/busca.php?&busca=Carlos+Nascimento&decade=2010%7C2010&page=320
estadao,Carlos Fernando da Costa Almeida de Paiva Nascimento,Carlos+Nascimento,320,"15/10/2014, QUARTA-FEIRA, PÁGINA b13",https://acervo.estadao.com.br/pagina/#!/20141015-44192-spo-39-eng-b13-not/busca/NASCIMENTO,https://acervo.estadao.com.br/procura/busca.php?&busca=Carlos+Nascimento&decade=2010%7C2010&page=320
estadao,Carlos Fernando da Costa Almeida de Paiva Nascimento,Carlos+Nascimento,320,"15/10/2014, QUARTA-FEIRA, PÁGINA b13",https://acervo.estadao.com.br/pagina/#!/20141015-44192-nac-37-eng-b13-not/busca/NASCIMENTO,https://acervo.estadao.com.br/procura/busca.php?&busca=Carlos+Nascimento&decade=2010%7C2010&page=320
estadao,Carlos Fernando da Costa Almeida de Paiva Nascimento,Carlos+Nascimento,321,"24/05/2011, TERÇA-FEIRA, PÁGINA c4",https://acervo.estadao.com.br/pagina/#!/20110524-42952-spo-33-cid-c4-not/busca/Nascimento,https://acervo.estadao.com.br/procura/busca.php?&busca=Carlos+Nascimento&decade=2010%7C2010&page=321
estadao,Carlos Fernando da Costa Almeida de Paiva Nascimento,Carlos+Nascimento,321,"24/02/2011, QUINTA-FEIRA, PÁGINA a2",https://acervo.estadao.com.br/pagina/#!/20110224-42863-nac-2-opi-a2-not/busca/Nascimento,https://acervo.estadao.com.br/procura/busca.php?&busca=Carlos+Nascimento&decade=2010%7C2010&page=321
estadao,Carlos Fernando da Costa Almeida de Paiva Nascimento,Carlos+Nascimento,321,"21/02/2011, SEGUNDA-FEIRA, PÁGINA c2",https://acervo.estadao.com.br/pagina/#!/20110221-42860-spo-27-cid-c2-not/busca/nascimento,https://acervo.estadao.com.br/procura/busca.php?&busca=Carlos+Nascimento&decade=2010%7C2010&page=321
estadao,Carlos Fernando da Costa Almeida de Paiva Nascimento,Carlos+Nascimento,321,"21/02/2011, SEGUNDA-FEIRA, PÁGINA c2",https://acervo.estadao.com.br/pagina/#!/20110221-42860-nac-27-cid-c2-not/busca/nascimento,https://acervo.estadao.com.br/procura/busca.php?&busca=Carlos+Nascimento&decade=2010%7C2010&page=321
estadao,Carlos Fernando da Costa Almeida de Paiva Nascimento,Carlos+Nascimento,321,"24/05/2015, DOMINGO, PÁGINA co08",https://acervo.estadao.com.br/pagina/#!/20150524-44413-nac-99-opr-co08-not/busca/Nascimento,https://acervo.estadao.com.br/procura/busca.php?&busca=Carlos+Nascimento&decade=2010%7C2010&page=321
estadao,Carlos Fernando da Costa Almeida de Paiva Nascimento,Carlos+Nascimento,321,"24/05/2015, DOMINGO, PÁGINA co08",https://acervo.estadao.com.br/pagina/#!/20150524-44413-spo-99-opr-co08-not/busca/Nascimento,https://acervo.estadao.com.br/procura/busca.php?&busca=Carlos+Nascimento&decade=2010%7C2010&page=321
estadao,Carlos Fernando da Costa Almeida de Paiva Nascimento,Carlos+Nascimento,321,"23/05/2015, SÁBADO, PÁGINA c4",https://acervo.estadao.com.br/pagina/#!/20150523-44412-nac-42-cd2-c4-not/busca/nascimento,https://acervo.estadao.com.br/procura/busca.php?&busca=Carlos+Nascimento&decade=2010%7C2010&page=321
estadao,Carlos Fernando da Costa Almeida de Paiva Nascimento,Carlos+Nascimento,321,"23/05/2015, SÁBADO, PÁGINA c4",https://acervo.estadao.com.br/pagina/#!/20150523-44412-spo-42-cd2-c4-not/busca/nascimento,https://acervo.estadao.com.br/procura/busca.php?&busca=Carlos+Nascimento&decade=2010%7C2010&page=321
estadao,Carlos Fernando da Costa Almeida de Paiva Nascimento,Carlos+Nascimento,321,"17/04/2015, SEXTA-FEIRA, PÁGINA a3",https://acervo.estadao.com.br/pagina/#!/20150417-44376-nac-3-edi-a3-not/busca/NASCIMENTO,https://acervo.estadao.com.br/procura/busca.php?&busca=Carlos+Nascimento&decade=2010%7C2010&page=321
estadao,Carlos Fernando da Costa Almeida de Paiva Nascimento,Carlos+Nascimento,321,"19/02/2014, QUARTA-FEIRA, PÁGINA a14",https://acervo.estadao.com.br/pagina/#!/20140219-43954-nac-14-mrt-a14-not/busca/Nascimento,https://acervo.estadao.com.br/procura/busca.php?&busca=Carlos+Nascimento&decade=2010%7C2010&page=321
estadao,Carlos Fernando da Costa Almeida de Paiva Nascimento,Carlos+Nascimento,322,"28/11/2014, SEXTA-FEIRA, PÁGINA 76",https://acervo.estadao.com.br/pagina/#!/20141128-44236-nac-131-gui-76-not/busca/Nascimento,https://acervo.estadao.com.br/procura/busca.php?&busca=Carlos+Nascimento&decade=2010%7C2010&page=322
estadao,Carlos Fernando da Costa Almeida de Paiva Nascimento,Carlos+Nascimento,322,"28/11/2014, SEXTA-FEIRA, PÁGINA 76",https://acervo.estadao.com.br/pagina/#!/20141128-44236-spo-134-gui-76-not/busca/Nascimento,https://acervo.estadao.com.br/procura/busca.php?&busca=Carlos+Nascimento&decade=2010%7C2010&page=322
estadao,Carlos Fernando da Costa Almeida de Paiva Nascimento,Carlos+Nascimento,322,"18/11/2014, TERÇA-FEIRA, PÁGINA c7",https://acervo.estadao.com.br/pagina/#!/20141118-44226-spo-41-cd2-c7-not/busca/nascimento,https://acervo.estadao.com.br/procura/busca.php?&busca=Carlos+Nascimento&decade=2010%7C2010&page=322
estadao,Carlos Fernando da Costa Almeida de Paiva Nascimento,Carlos+Nascimento,322,"18/11/2014, TERÇA-FEIRA, PÁGINA c7",https://acervo.estadao.com.br/pagina/#!/20141118-44226-nac-41-cd2-c7-not/busca/nascimento,https://acervo.estadao.com.br/procura/busca.php?&busca=Carlos+Nascimento&decade=2010%7C2010&page=322
estadao,Carlos Fernando da Costa Almeida de Paiva Nascimento,Carlos+Nascimento,322,"17/11/2014, SEGUNDA-FEIRA, PÁGINA c7",https://acervo.estadao.com.br/pagina/#!/20141117-44225-spo-43-cd2-c7-not/busca/nascimento,https://acervo.estadao.com.br/procura/busca.php?&busca=Carlos+Nascimento&decade=2010%7C2010&page=322
estadao,Carlos Fernando da Costa Almeida de Paiva Nascimento,Carlos+Nascimento,322,"17/11/2014, SEGUNDA-FEIRA, PÁGINA a2",https://acervo.estadao.com.br/pagina/#!/20141117-44225-spo-2-opi-a2-not/busca/nascimento,https://acervo.estadao.com.br/procura/busca.php?&busca=Carlos+Nascimento&decade=2010%7C2010&page=322
estadao,Carlos Fernando da Costa Almeida de Paiva Nascimento,Carlos+Nascimento,322,"17/11/2014, SEGUNDA-FEIRA, PÁGINA a2",https://acervo.estadao.com.br/pagina/#!/20141117-44225-nac-2-opi-a2-not/busca/nascimento,https://acervo.estadao.com.br/procura/busca.php?&busca=Carlos+Nascimento&decade=2010%7C2010&page=322
estadao,Carlos Fernando da Costa Almeida de Paiva Nascimento,Carlos+Nascimento,322,"17/11/2014, SEGUNDA-FEIRA, PÁGINA c7",https://acervo.estadao.com.br/pagina/#!/20141117-44225-nac-43-cd2-c7-not/busca/nascimento,https://acervo.estadao.com.br/procura/busca.php?&busca=Carlos+Nascimento&decade=2010%7C2010&page=322
estadao,Carlos Fernando da Costa Almeida de Paiva Nascimento,Carlos+Nascimento,322,"28/10/2014, TERÇA-FEIRA, PÁGINA a2",https://acervo.estadao.com.br/pagina/#!/20141028-44205-nac-2-opi-a2-not/busca/NASCIMENTO,https://acervo.estadao.com.br/procura/busca.php?&busca=Carlos+Nascimento&decade=2010%7C2010&page=322
estadao,Carlos Fernando da Costa Almeida de Paiva Nascimento,Carlos+Nascimento,322,"28/10/2014, TERÇA-FEIRA, PÁGINA a2",https://acervo.estadao.com.br/pagina/#!/20141028-44205-spo-2-opi-a2-not/busca/NASCIMENTO,https://acervo.estadao.com.br/procura/busca.php?&busca=Carlos+Nascimento&decade=2010%7C2010&page=322
estadao,Carlos Fernando da Costa Almeida de Paiva Nascimento,Carlos+Nascimento,323,"27/10/2014, SEGUNDA-FEIRA, PÁGINA c6",https://acervo.estadao.com.br/pagina/#!/20141027-44204-spo-39-cd2-c6-not/busca/Nascimento,https://acervo.estadao.com.br/procura/busca.php?&busca=Carlos+Nascimento&decade=2010%7C2010&page=323
estadao,Carlos Fernando da Costa Almeida de Paiva Nascimento,Carlos+Nascimento,323,"27/10/2014, SEGUNDA-FEIRA, PÁGINA c6",https://acervo.estadao.com.br/pagina/#!/20141027-44204-nac-39-cd2-c6-not/busca/Nascimento,https://acervo.estadao.com.br/procura/busca.php?&busca=Carlos+Nascimento&decade=2010%7C2010&page=323
estadao,Carlos Fernando da Costa Almeida de Paiva Nascimento,Carlos+Nascimento,323,"06/10/2014, SEGUNDA-FEIRA, PÁGINA h13",https://acervo.estadao.com.br/pagina/#!/20141006-44183-nac-57-pol-h13-not/busca/Nascimento,https://acervo.estadao.com.br/procura/busca.php?&busca=Carlos+Nascimento&decade=2010%7C2010&page=323
estadao,Carlos Fernando da Costa Almeida de Paiva Nascimento,Carlos+Nascimento,323,"19/10/2013, SÁBADO, PÁGINA c10",https://acervo.estadao.com.br/pagina/#!/20131019-43831-spo-78-cd2-c10-not/busca/Nascimento,https://acervo.estadao.com.br/procura/busca.php?&busca=Carlos+Nascimento&decade=2010%7C2010&page=323
estadao,Carlos Fernando da Costa Almeida de Paiva Nascimento,Carlos+Nascimento,323,"19/10/2013, SÁBADO, PÁGINA c10",https://acervo.estadao.com.br/pagina/#!/20131019-43831-nac-78-cd2-c10-not/busca/Nascimento,https://acervo.estadao.com.br/procura/busca.php?&busca=Carlos+Nascimento&decade=2010%7C2010&page=323
estadao,Carlos Fernando da Costa Almeida de Paiva Nascimento,Carlos+Nascimento,323,"04/09/2013, QUARTA-FEIRA, PÁGINA a16",https://acervo.estadao.com.br/pagina/#!/20130904-43786-spo-16-cid-a16-not/busca/Nascimento,https://acervo.estadao.com.br/procura/busca.php?&busca=Carlos+Nascimento&decade=2010%7C2010&page=323
estadao,Carlos Fernando da Costa Almeida de Paiva Nascimento,Carlos+Nascimento,324,"25/01/2015, DOMINGO, PÁGINA a24",https://acervo.estadao.com.br/pagina/#!/20150125-44294-spo-23-mrt-a24-not/busca/Nascimento,https://acervo.estadao.com.br/procura/busca.php?&busca=Carlos+Nascimento&decade=2010%7C2010&page=324
estadao,Carlos Fernando da Costa Almeida de Paiva Nascimento,Carlos+Nascimento,324,"24/09/2015, QUINTA-FEIRA, PÁGINA a2",https://acervo.estadao.com.br/pagina/#!/20150924-44536-nac-2-opi-a2-not/busca/NASCIMENTO,https://acervo.estadao.com.br/procura/busca.php?&busca=Carlos+Nascimento&decade=2010%7C2010&page=324
estadao,Carlos Fernando da Costa Almeida de Paiva Nascimento,Carlos+Nascimento,324,"24/09/2015, QUINTA-FEIRA, PÁGINA a2",https://acervo.estadao.com.br/pagina/#!/20150924-44536-spo-2-opi-a2-not/busca/NASCIMENTO,https://acervo.estadao.com.br/procura/busca.php?&busca=Carlos+Nascimento&decade=2010%7C2010&page=324
estadao,Carlos Fernando da Costa Almeida de Paiva Nascimento,Carlos+Nascimento,324,"27/09/2015, DOMINGO, PÁGINA co05",https://acervo.estadao.com.br/pagina/#!/20150927-44539-spo-90-opr-co05-not/busca/Nascimento,https://acervo.estadao.com.br/procura/busca.php?&busca=Carlos+Nascimento&decade=2010%7C2010&page=324
estadao,Carlos Fernando da Costa Almeida de Paiva Nascimento,Carlos+Nascimento,324,"07/05/2014, QUARTA-FEIRA, PÁGINA a21",https://acervo.estadao.com.br/pagina/#!/20140507-44031-nac-20-mrt-a21-not/busca/nascimento,https://acervo.estadao.com.br/procura/busca.php?&busca=Carlos+Nascimento&decade=2010%7C2010&page=324
estadao,Carlos Fernando da Costa Almeida de Paiva Nascimento,Carlos+Nascimento,324,"08/05/2014, QUINTA-FEIRA, PÁGINA a31",https://acervo.estadao.com.br/pagina/#!/20140508-44032-nac-30-esp-a31-not/busca/NASCIMENTO,https://acervo.estadao.com.br/procura/busca.php?&busca=Carlos+Nascimento&decade=2010%7C2010&page=324
estadao,Carlos Fernando da Costa Almeida de Paiva Nascimento,Carlos+Nascimento,324,"08/05/2014, QUINTA-FEIRA, PÁGINA a31",https://acervo.estadao.com.br/pagina/#!/20140508-44032-spo-30-esp-a31-not/busca/NASCIMENTO,https://acervo.estadao.com.br/procura/busca.php?&busca=Carlos+Nascimento&decade=2010%7C2010&page=324
estadao,Carlos Fernando da Costa Almeida de Paiva Nascimento,Carlos+Nascimento,324,"27/09/2015, DOMINGO, PÁGINA co05",https://acervo.estadao.com.br/pagina/#!/20150927-44539-nac-90-opr-co05-not/busca/Nascimento,https://acervo.estadao.com.br/procura/busca.php?&busca=Carlos+Nascimento&decade=2010%7C2010&page=324
estadao,Carlos Fernando da Costa Almeida de Paiva Nascimento,Carlos+Nascimento,325,"27/10/2013, DOMINGO, PÁGINA ce10",https://acervo.estadao.com.br/pagina/#!/20131027-43839-nac-91-emp-ce10-not/busca/Nascimento,https://acervo.estadao.com.br/procura/busca.php?&busca=Carlos+Nascimento&decade=2010%7C2010&page=325
estadao,Carlos Fernando da Costa Almeida de Paiva Nascimento,Carlos+Nascimento,325,"02/12/2013, SEGUNDA-FEIRA, PÁGINA d2",https://acervo.estadao.com.br/pagina/#!/20131202-43875-spo-42-esp-d2-not/busca/Nascimento,https://acervo.estadao.com.br/procura/busca.php?&busca=Carlos+Nascimento&decade=2010%7C2010&page=325
estadao,Carlos Fernando da Costa Almeida de Paiva Nascimento,Carlos+Nascimento,325,"02/12/2013, SEGUNDA-FEIRA, PÁGINA d2",https://acervo.estadao.com.br/pagina/#!/20131202-43875-nac-42-esp-d2-not/busca/Nascimento,https://acervo.estadao.com.br/procura/busca.php?&busca=Carlos+Nascimento&decade=2010%7C2010&page=325
estadao,Carlos Fernando da Costa Almeida de Paiva Nascimento,Carlos+Nascimento,325,"15/11/2013, SEXTA-FEIRA, PÁGINA a27",https://acervo.estadao.com.br/pagina/#!/20131115-43858-spo-26-mrt-a27-not/busca/Nascimento,https://acervo.estadao.com.br/procura/busca.php?&busca=Carlos+Nascimento&decade=2010%7C2010&page=325
estadao,Carlos Fernando da Costa Almeida de Paiva Nascimento,Carlos+Nascimento,325,"01/11/2013, SEXTA-FEIRA, PÁGINA c10",https://acervo.estadao.com.br/pagina/#!/20131101-43844-nac-48-cd2-c10-not/busca/nascimento,https://acervo.estadao.com.br/procura/busca.php?&busca=Carlos+Nascimento&decade=2010%7C2010&page=325
estadao,Carlos Fernando da Costa Almeida de Paiva Nascimento,Carlos+Nascimento,326,"09/04/2018, SEGUNDA-FEIRA, PÁGINA b4",https://acervo.estadao.com.br/pagina/#!/20180409-45464-spo-22-eco-b4-not/busca/Nascimento,https://acervo.estadao.com.br/procura/busca.php?&busca=Carlos+Nascimento&decade=2010%7C2010&page=326
estadao,Carlos Fernando da Costa Almeida de Paiva Nascimento,Carlos+Nascimento,326,"10/04/2018, TERÇA-FEIRA, PÁGINA b10",https://acervo.estadao.com.br/pagina/#!/20180410-45465-spo-27-eco-b10-not/busca/Nascimento,https://acervo.estadao.com.br/procura/busca.php?&busca=Carlos+Nascimento&decade=2010%7C2010&page=326
estadao,Carlos Fernando da Costa Almeida de Paiva Nascimento,Carlos+Nascimento,326,"10/04/2018, TERÇA-FEIRA, PÁGINA b10",https://acervo.estadao.com.br/pagina/#!/20180410-45465-nac-27-eco-b10-not/busca/Nascimento,https://acervo.estadao.com.br/procura/busca.php?&busca=Carlos+Nascimento&decade=2010%7C2010&page=326
estadao,Carlos Fernando da Costa Almeida de Paiva Nascimento,Carlos+Nascimento,326,"11/04/2018, QUARTA-FEIRA, PÁGINA a13",https://acervo.estadao.com.br/pagina/#!/20180411-45466-nac-13-mrt-a13-not/busca/nascimento,https://acervo.estadao.com.br/procura/busca.php?&busca=Carlos+Nascimento&decade=2010%7C2010&page=326
estadao,Carlos Fernando da Costa Almeida de Paiva Nascimento,Carlos+Nascimento,326,"11/04/2018, QUARTA-FEIRA, PÁGINA a13",https://acervo.estadao.com.br/pagina/#!/20180411-45466-spo-13-mrt-a13-not/busca/nascimento,https://acervo.estadao.com.br/procura/busca.php?&busca=Carlos+Nascimento&decade=2010%7C2010&page=326
estadao,Carlos Fernando da Costa Almeida de Paiva Nascimento,Carlos+Nascimento,326,"27/04/2018, SEXTA-FEIRA, PÁGINA b9",https://acervo.estadao.com.br/pagina/#!/20180427-45482-spo-27-eco-b9-not/busca/nascimento,https://acervo.estadao.com.br/procura/busca.php?&busca=Carlos+Nascimento&decade=2010%7C2010&page=326
estadao,Carlos Fernando da Costa Almeida de Paiva Nascimento,Carlos+Nascimento,326,"27/04/2018, SEXTA-FEIRA, PÁGINA b9",https://acervo.estadao.com.br/pagina/#!/20180427-45482-nac-27-eco-b9-not/busca/nascimento,https://acervo.estadao.com.br/procura/busca.php?&busca=Carlos+Nascimento&decade=2010%7C2010&page=326
estadao,Carlos Fernando da Costa Almeida de Paiva Nascimento,Carlos+Nascimento,326,"23/01/2019, QUARTA-FEIRA, PÁGINA a15",https://acervo.estadao.com.br/pagina/#!/20190123-45753-spo-15-mrt-a15-not/busca/Nascimento,https://acervo.estadao.com.br/procura/busca.php?&busca=Carlos+Nascimento&decade=2010%7C2010&page=326
estadao,Carlos Fernando da Costa Almeida de Paiva Nascimento,Carlos+Nascimento,326,"23/01/2019, QUARTA-FEIRA, PÁGINA a15",https://acervo.estadao.com.br/pagina/#!/20190123-45753-nac-15-mrt-a15-not/busca/Nascimento,https://acervo.estadao.com.br/procura/busca.php?&busca=Carlos+Nascimento&decade=2010%7C2010&page=326
estadao,Carlos Fernando da Costa Almeida de Paiva Nascimento,Carlos+Nascimento,326,"26/11/2017, DOMINGO, PÁGINA co05",https://acervo.estadao.com.br/pagina/#!/20171126-45330-nac-77-opr-co05-not/busca/Nascimento,https://acervo.estadao.com.br/procura/busca.php?&busca=Carlos+Nascimento&decade=2010%7C2010&page=326
estadao,Carlos Fernando da Costa Almeida de Paiva Nascimento,Carlos+Nascimento,327,"14/12/2013, SÁBADO, PÁGINA a34",https://acervo.estadao.com.br/pagina/#!/20131214-43887-nac-33-mrt-a34-not/busca/nascimento,https://acervo.estadao.com.br/procura/busca.php?&busca=Carlos+Nascimento&decade=2010%7C2010&page=327
estadao,Carlos Fernando da Costa Almeida de Paiva Nascimento,Carlos+Nascimento,327,"14/12/2013, SÁBADO, PÁGINA a34",https://acervo.estadao.com.br/pagina/#!/20131214-43887-spo-33-mrt-a34-not/busca/nascimento,https://acervo.estadao.com.br/procura/busca.php?&busca=Carlos+Nascimento&decade=2010%7C2010&page=327
estadao,Carlos Fernando da Costa Almeida de Paiva Nascimento,Carlos+Nascimento,327,"10/01/2014, SEXTA-FEIRA, PÁGINA a14",https://acervo.estadao.com.br/pagina/#!/20140110-43914-spo-13-mrt-a14-not/busca/Nascimento,https://acervo.estadao.com.br/procura/busca.php?&busca=Carlos+Nascimento&decade=2010%7C2010&page=327
estadao,Carlos Fernando da Costa Almeida de Paiva Nascimento,Carlos+Nascimento,327,"10/01/2014, SEXTA-FEIRA, PÁGINA a14",https://acervo.estadao.com.br/pagina/#!/20140110-43914-nac-13-mrt-a14-not/busca/Nascimento,https://acervo.estadao.com.br/procura/busca.php?&busca=Carlos+Nascimento&decade=2010%7C2010&page=327
estadao,Carlos Fernando da Costa Almeida de Paiva Nascimento,Carlos+Nascimento,327,"15/03/2014, SÁBADO, PÁGINA b30",https://acervo.estadao.com.br/pagina/#!/20140315-43978-nac-57-eng-b30-not/busca/Nascimento,https://acervo.estadao.com.br/procura/busca.php?&busca=Carlos+Nascimento&decade=2010%7C2010&page=327
estadao,Carlos Fernando da Costa Almeida de Paiva Nascimento,Carlos+Nascimento,327,"15/03/2014, SÁBADO, PÁGINA b30",https://acervo.estadao.com.br/pagina/#!/20140315-43978-spo-57-eng-b30-not/busca/Nascimento,https://acervo.estadao.com.br/procura/busca.php?&busca=Carlos+Nascimento&decade=2010%7C2010&page=327
estadao,Carlos Fernando da Costa Almeida de Paiva Nascimento,Carlos+Nascimento,328,"22/03/2014, SÁBADO, PÁGINA e3",https://acervo.estadao.com.br/pagina/#!/20140322-43985-nac-95-mrt-e3-not/busca/Nascimento,https://acervo.estadao.com.br/procura/busca.php?&busca=Carlos+Nascimento&decade=2010%7C2010&page=328
estadao,Carlos Fernando da Costa Almeida de Paiva Nascimento,Carlos+Nascimento,328,"22/03/2014, SÁBADO, PÁGINA e3",https://acervo.estadao.com.br/pagina/#!/20140322-43985-spo-95-mrt-e3-not/busca/Nascimento,https://acervo.estadao.com.br/procura/busca.php?&busca=Carlos+Nascimento&decade=2010%7C2010&page=328
estadao,Carlos Fernando da Costa Almeida de Paiva Nascimento,Carlos+Nascimento,328,"19/02/2014, QUARTA-FEIRA, PÁGINA a14",https://acervo.estadao.com.br/pagina/#!/20140219-43954-spo-14-mrt-a14-not/busca/Nascimento,https://acervo.estadao.com.br/procura/busca.php?&busca=Carlos+Nascimento&decade=2010%7C2010&page=328
estadao,Carlos Fernando da Costa Almeida de Paiva Nascimento,Carlos+Nascimento,328,"02/05/2014, SEXTA-FEIRA, PÁGINA c8",https://acervo.estadao.com.br/pagina/#!/20140502-44026-spo-37-cd2-c8-not/busca/Nascimento,https://acervo.estadao.com.br/procura/busca.php?&busca=Carlos+Nascimento&decade=2010%7C2010&page=328
estadao,Carlos Fernando da Costa Almeida de Paiva Nascimento,Carlos+Nascimento,329,"08/06/2010, TERÇA-FEIRA, PÁGINA c4",https://acervo.estadao.com.br/pagina/#!/20100608-42602-spo-38-cid-c4-not/busca/Nascimento,https://acervo.estadao.com.br/procura/busca.php?&busca=Carlos+Nascimento&decade=2010%7C2010&page=329
estadao,Carlos Fernando da Costa Almeida de Paiva Nascimento,Carlos+Nascimento,329,"14/08/2010, SÁBADO, PÁGINA d6",https://acervo.estadao.com.br/pagina/#!/20100814-42669-spo-96-cd2-d6-not/busca/NASCIMENTO,https://acervo.estadao.com.br/procura/busca.php?&busca=Carlos+Nascimento&decade=2010%7C2010&page=329
estadao,Carlos Fernando da Costa Almeida de Paiva Nascimento,Carlos+Nascimento,329,"14/08/2010, SÁBADO, PÁGINA d6",https://acervo.estadao.com.br/pagina/#!/20100814-42669-nac-93-cd2-d6-not/busca/NASCIMENTO,https://acervo.estadao.com.br/procura/busca.php?&busca=Carlos+Nascimento&decade=2010%7C2010&page=329
estadao,Carlos Fernando da Costa Almeida de Paiva Nascimento,Carlos+Nascimento,329,"15/03/2010, SEGUNDA-FEIRA, PÁGINA d6",https://acervo.estadao.com.br/pagina/#!/20100315-42517-spo-49-cd2-d6-not/busca/nascimento,https://acervo.estadao.com.br/procura/busca.php?&busca=Carlos+Nascimento&decade=2010%7C2010&page=329
estadao,Carlos Fernando da Costa Almeida de Paiva Nascimento,Carlos+Nascimento,330,"29/08/2010, DOMINGO, PÁGINA c8",https://acervo.estadao.com.br/pagina/#!/20100829-42684-nac-50-cid-c8-not/busca/nascimento,https://acervo.estadao.com.br/procura/busca.php?&busca=Carlos+Nascimento&decade=2010%7C2010&page=330
estadao,Carlos Fernando da Costa Almeida de Paiva Nascimento,Carlos+Nascimento,330,"07/08/2010, SÁBADO, PÁGINA d6",https://acervo.estadao.com.br/pagina/#!/20100807-42662-spo-93-cd2-d6-not/busca/Nascimento,https://acervo.estadao.com.br/procura/busca.php?&busca=Carlos+Nascimento&decade=2010%7C2010&page=330
estadao,Carlos Fernando da Costa Almeida de Paiva Nascimento,Carlos+Nascimento,330,"07/08/2010, SÁBADO, PÁGINA d6",https://acervo.estadao.com.br/pagina/#!/20100807-42662-nac-91-cd2-d6-not/busca/Nascimento,https://acervo.estadao.com.br/procura/busca.php?&busca=Carlos+Nascimento&decade=2010%7C2010&page=330
estadao,Carlos Fernando da Costa Almeida de Paiva Nascimento,Carlos+Nascimento,330,"19/12/2010, DOMINGO, PÁGINA d8",https://acervo.estadao.com.br/pagina/#!/20101219-42796-spo-162-cd2-d8-not/busca/NASCIMENTO,https://acervo.estadao.com.br/procura/busca.php?&busca=Carlos+Nascimento&decade=2010%7C2010&page=330
estadao,Carlos Fernando da Costa Almeida de Paiva Nascimento,Carlos+Nascimento,330,"19/12/2010, DOMINGO, PÁGINA d8",https://acervo.estadao.com.br/pagina/#!/20101219-42796-nac-162-cd2-d8-not/busca/NASCIMENTO,https://acervo.estadao.com.br/procura/busca.php?&busca=Carlos+Nascimento&decade=2010%7C2010&page=330
estadao,Carlos Fernando da Costa Almeida de Paiva Nascimento,Carlos+Nascimento,331,"16/03/2018, SEXTA-FEIRA, PÁGINA c6",https://acervo.estadao.com.br/pagina/#!/20180316-45440-nac-38-cd2-c6-not/busca/Nascimento,https://acervo.estadao.com.br/procura/busca.php?&busca=Carlos+Nascimento&decade=2010%7C2010&page=331
estadao,Carlos Fernando da Costa Almeida de Paiva Nascimento,Carlos+Nascimento,331,"16/03/2018, SEXTA-FEIRA, PÁGINA c6",https://acervo.estadao.com.br/pagina/#!/20180316-45440-spo-46-cd2-c6-not/busca/Nascimento,https://acervo.estadao.com.br/procura/busca.php?&busca=Carlos+Nascimento&decade=2010%7C2010&page=331
estadao,Carlos Fernando da Costa Almeida de Paiva Nascimento,Carlos+Nascimento,331,"19/03/2018, SEGUNDA-FEIRA, PÁGINA c1",https://acervo.estadao.com.br/pagina/#!/20180319-45443-nac-27-cd2-c1-not/busca/Nascimento,https://acervo.estadao.com.br/procura/busca.php?&busca=Carlos+Nascimento&decade=2010%7C2010&page=331
estadao,Carlos Fernando da Costa Almeida de Paiva Nascimento,Carlos+Nascimento,331,"19/03/2018, SEGUNDA-FEIRA, PÁGINA c1",https://acervo.estadao.com.br/pagina/#!/20180319-45443-spo-27-cd2-c1-not/busca/Nascimento,https://acervo.estadao.com.br/procura/busca.php?&busca=Carlos+Nascimento&decade=2010%7C2010&page=331
estadao,Carlos Fernando da Costa Almeida de Paiva Nascimento,Carlos+Nascimento,331,"04/03/2018, DOMINGO, PÁGINA c7",https://acervo.estadao.com.br/pagina/#!/20180304-45428-spo-43-cd2-c7-not/busca/nascimento,https://acervo.estadao.com.br/procura/busca.php?&busca=Carlos+Nascimento&decade=2010%7C2010&page=331
estadao,Carlos Fernando da Costa Almeida de Paiva Nascimento,Carlos+Nascimento,331,"04/03/2018, DOMINGO, PÁGINA c7",https://acervo.estadao.com.br/pagina/#!/20180304-45428-nac-43-cd2-c7-not/busca/nascimento,https://acervo.estadao.com.br/procura/busca.php?&busca=Carlos+Nascimento&decade=2010%7C2010&page=331
estadao,Carlos Fernando da Costa Almeida de Paiva Nascimento,Carlos+Nascimento,331,"29/11/2017, QUARTA-FEIRA, PÁGINA b12",https://acervo.estadao.com.br/pagina/#!/20171129-45333-nac-28-eco-b12-not/busca/Nascimento,https://acervo.estadao.com.br/procura/busca.php?&busca=Carlos+Nascimento&decade=2010%7C2010&page=331
estadao,Carlos Fernando da Costa Almeida de Paiva Nascimento,Carlos+Nascimento,332,"26/11/2017, DOMINGO, PÁGINA co05",https://acervo.estadao.com.br/pagina/#!/20171126-45330-spo-77-opr-co05-not/busca/Nascimento,https://acervo.estadao.com.br/procura/busca.php?&busca=Carlos+Nascimento&decade=2010%7C2010&page=332
estadao,Carlos Fernando da Costa Almeida de Paiva Nascimento,Carlos+Nascimento,332,"18/12/2017, SEGUNDA-FEIRA, PÁGINA b6",https://acervo.estadao.com.br/pagina/#!/20171218-45352-spo-26-eco-b6-not/busca/Nascimento,https://acervo.estadao.com.br/procura/busca.php?&busca=Carlos+Nascimento&decade=2010%7C2010&page=332
estadao,Carlos Fernando da Costa Almeida de Paiva Nascimento,Carlos+Nascimento,332,"18/12/2017, SEGUNDA-FEIRA, PÁGINA b6",https://acervo.estadao.com.br/pagina/#!/20171218-45352-nac-26-eco-b6-not/busca/Nascimento,https://acervo.estadao.com.br/procura/busca.php?&busca=Carlos+Nascimento&decade=2010%7C2010&page=332
estadao,Carlos Fernando da Costa Almeida de Paiva Nascimento,Carlos+Nascimento,332,"19/04/2018, QUINTA-FEIRA, PÁGINA a21",https://acervo.estadao.com.br/pagina/#!/20180419-45474-nac-21-esp-a21-not/busca/Nascimento,https://acervo.estadao.com.br/procura/busca.php?&busca=Carlos+Nascimento&decade=2010%7C2010&page=332
estadao,Carlos Fernando da Costa Almeida de Paiva Nascimento,Carlos+Nascimento,332,"20/04/2018, SEXTA-FEIRA, PÁGINA q15",https://acervo.estadao.com.br/pagina/#!/20180420-45475-nac-59-gui-q15-not/busca/Nascimento,https://acervo.estadao.com.br/procura/busca.php?&busca=Carlos+Nascimento&decade=2010%7C2010&page=332
estadao,Carlos Fernando da Costa Almeida de Paiva Nascimento,Carlos+Nascimento,332,"20/04/2018, SEXTA-FEIRA, PÁGINA q15",https://acervo.estadao.com.br/pagina/#!/20180420-45475-spo-59-gui-q15-not/busca/Nascimento,https://acervo.estadao.com.br/procura/busca.php?&busca=Carlos+Nascimento&decade=2010%7C2010&page=332
estadao,Carlos Fernando da Costa Almeida de Paiva Nascimento,Carlos+Nascimento,332,"22/08/2017, TERÇA-FEIRA, PÁGINA c5",https://acervo.estadao.com.br/pagina/#!/20170822-45234-spo-35-cd2-c5-not/busca/nascimento,https://acervo.estadao.com.br/procura/busca.php?&busca=Carlos+Nascimento&decade=2010%7C2010&page=332
estadao,Carlos Fernando da Costa Almeida de Paiva Nascimento,Carlos+Nascimento,332,"22/08/2017, TERÇA-FEIRA, PÁGINA b11",https://acervo.estadao.com.br/pagina/#!/20170822-45234-spo-29-eco-b11-not/busca/Nascimento,https://acervo.estadao.com.br/procura/busca.php?&busca=Carlos+Nascimento&decade=2010%7C2010&page=332
estadao,Carlos Fernando da Costa Almeida de Paiva Nascimento,Carlos+Nascimento,332,"22/08/2017, TERÇA-FEIRA, PÁGINA c5",https://acervo.estadao.com.br/pagina/#!/20170822-45234-nac-35-cd2-c5-not/busca/nascimento,https://acervo.estadao.com.br/procura/busca.php?&busca=Carlos+Nascimento&decade=2010%7C2010&page=332
estadao,Carlos Fernando da Costa Almeida de Paiva Nascimento,Carlos+Nascimento,333,"22/08/2017, TERÇA-FEIRA, PÁGINA b11",https://acervo.estadao.com.br/pagina/#!/20170822-45234-nac-29-eco-b11-not/busca/Nascimento,https://acervo.estadao.com.br/procura/busca.php?&busca=Carlos+Nascimento&decade=2010%7C2010&page=333
estadao,Carlos Fernando da Costa Almeida de Paiva Nascimento,Carlos+Nascimento,333,"27/08/2017, DOMINGO, PÁGINA c8",https://acervo.estadao.com.br/pagina/#!/20170827-45239-spo-43-cd2-c8-not/busca/nascimento,https://acervo.estadao.com.br/procura/busca.php?&busca=Carlos+Nascimento&decade=2010%7C2010&page=333
estadao,Carlos Fernando da Costa Almeida de Paiva Nascimento,Carlos+Nascimento,333,"18/12/2014, QUINTA-FEIRA, PÁGINA a3",https://acervo.estadao.com.br/pagina/#!/20141218-44256-spo-3-edi-a3-not/busca/Nascimento,https://acervo.estadao.com.br/procura/busca.php?&busca=Carlos+Nascimento&decade=2010%7C2010&page=333
estadao,Carlos Fernando da Costa Almeida de Paiva Nascimento,Carlos+Nascimento,333,"18/12/2014, QUINTA-FEIRA, PÁGINA a3",https://acervo.estadao.com.br/pagina/#!/20141218-44256-nac-3-edi-a3-not/busca/Nascimento,https://acervo.estadao.com.br/procura/busca.php?&busca=Carlos+Nascimento&decade=2010%7C2010&page=333
estadao,Carlos Fernando da Costa Almeida de Paiva Nascimento,Carlos+Nascimento,333,"07/12/2014, DOMINGO, PÁGINA c8",https://acervo.estadao.com.br/pagina/#!/20141207-44245-spo-50-cd2-c8-not/busca/Nascimento,https://acervo.estadao.com.br/procura/busca.php?&busca=Carlos+Nascimento&decade=2010%7C2010&page=333
estadao,Carlos Fernando da Costa Almeida de Paiva Nascimento,Carlos+Nascimento,333,"07/12/2014, DOMINGO, PÁGINA c8",https://acervo.estadao.com.br/pagina/#!/20141207-44245-nac-50-cd2-c8-not/busca/Nascimento,https://acervo.estadao.com.br/procura/busca.php?&busca=Carlos+Nascimento&decade=2010%7C2010&page=333
estadao,Carlos Fernando da Costa Almeida de Paiva Nascimento,Carlos+Nascimento,334,"22/03/2010, SEGUNDA-FEIRA, PÁGINA c3",https://acervo.estadao.com.br/pagina/#!/20100322-42524-nac-34-cid-c3-not/busca/Nascimento,https://acervo.estadao.com.br/procura/busca.php?&busca=Carlos+Nascimento&decade=2010%7C2010&page=334
estadao,Carlos Fernando da Costa Almeida de Paiva Nascimento,Carlos+Nascimento,334,"27/09/2010, SEGUNDA-FEIRA, PÁGINA a3",https://acervo.estadao.com.br/pagina/#!/20100927-42713-spo-3-edi-a3-not/busca/NASCIMENTO,https://acervo.estadao.com.br/procura/busca.php?&busca=Carlos+Nascimento&decade=2010%7C2010&page=334
estadao,Carlos Fernando da Costa Almeida de Paiva Nascimento,Carlos+Nascimento,334,"27/09/2010, SEGUNDA-FEIRA, PÁGINA a3",https://acervo.estadao.com.br/pagina/#!/20100927-42713-nac-3-edi-a3-not/busca/NASCIMENTO,https://acervo.estadao.com.br/procura/busca.php?&busca=Carlos+Nascimento&decade=2010%7C2010&page=334
estadao,Carlos Fernando da Costa Almeida de Paiva Nascimento,Carlos+Nascimento,334,"29/07/2010, QUINTA-FEIRA, PÁGINA a7",https://acervo.estadao.com.br/pagina/#!/20100729-42653-spo-7-pol-a7-not/busca/NASCIMENTO,https://acervo.estadao.com.br/procura/busca.php?&busca=Carlos+Nascimento&decade=2010%7C2010&page=334
estadao,Carlos Fernando da Costa Almeida de Paiva Nascimento,Carlos+Nascimento,334,"29/07/2010, QUINTA-FEIRA, PÁGINA a7",https://acervo.estadao.com.br/pagina/#!/20100729-42653-nac-7-pol-a7-not/busca/NASCIMENTO,https://acervo.estadao.com.br/procura/busca.php?&busca=Carlos+Nascimento&decade=2010%7C2010&page=334
estadao,Carlos Fernando da Costa Almeida de Paiva Nascimento,Carlos+Nascimento,334,"23/07/2010, SEXTA-FEIRA, PÁGINA 129",https://acervo.estadao.com.br/pagina/#!/20100723-42647-spo-193-gui-129-not/busca/nascimento,https://acervo.estadao.com.br/procura/busca.php?&busca=Carlos+Nascimento&decade=2010%7C2010&page=334
estadao,Carlos Fernando da Costa Almeida de Paiva Nascimento,Carlos+Nascimento,334,"23/07/2010, SEXTA-FEIRA, PÁGINA 129",https://acervo.estadao.com.br/pagina/#!/20100723-42647-nac-184-gui-129-not/busca/nascimento,https://acervo.estadao.com.br/procura/busca.php?&busca=Carlos+Nascimento&decade=2010%7C2010&page=334
estadao,Carlos Fernando da Costa Almeida de Paiva Nascimento,Carlos+Nascimento,334,"05/07/2010, SEGUNDA-FEIRA, PÁGINA a3",https://acervo.estadao.com.br/pagina/#!/20100705-42629-spo-3-edi-a3-not/busca/NASCIMENTO,https://acervo.estadao.com.br/procura/busca.php?&busca=Carlos+Nascimento&decade=2010%7C2010&page=334
estadao,Carlos Fernando da Costa Almeida de Paiva Nascimento,Carlos+Nascimento,335,"10/08/2017, QUINTA-FEIRA, PÁGINA c4",https://acervo.estadao.com.br/pagina/#!/20170810-45222-spo-37-cd2-c4-not/busca/nascimento,https://acervo.estadao.com.br/procura/busca.php?&busca=Carlos+Nascimento&decade=2010%7C2010&page=335
estadao,Carlos Fernando da Costa Almeida de Paiva Nascimento,Carlos+Nascimento,335,"10/08/2017, QUINTA-FEIRA, PÁGINA c4",https://acervo.estadao.com.br/pagina/#!/20170810-45222-nac-37-cd2-c4-not/busca/nascimento,https://acervo.estadao.com.br/procura/busca.php?&busca=Carlos+Nascimento&decade=2010%7C2010&page=335
estadao,Carlos Fernando da Costa Almeida de Paiva Nascimento,Carlos+Nascimento,335,"18/02/2018, DOMINGO, PÁGINA a22",https://acervo.estadao.com.br/pagina/#!/20180218-45414-spo-22-esp-a22-not/busca/Nascimento,https://acervo.estadao.com.br/procura/busca.php?&busca=Carlos+Nascimento&decade=2010%7C2010&page=335
estadao,Carlos Fernando da Costa Almeida de Paiva Nascimento,Carlos+Nascimento,335,"18/02/2018, DOMINGO, PÁGINA a22",https://acervo.estadao.com.br/pagina/#!/20180218-45414-nac-22-esp-a22-not/busca/Nascimento,https://acervo.estadao.com.br/procura/busca.php?&busca=Carlos+Nascimento&decade=2010%7C2010&page=335
estadao,Carlos Fernando da Costa Almeida de Paiva Nascimento,Carlos+Nascimento,335,"07/04/2018, SÁBADO, PÁGINA a22",https://acervo.estadao.com.br/pagina/#!/20180407-45462-spo-22-mrt-a22-not/busca/nascimento,https://acervo.estadao.com.br/procura/busca.php?&busca=Carlos+Nascimento&decade=2010%7C2010&page=335
estadao,Carlos Fernando da Costa Almeida de Paiva Nascimento,Carlos+Nascimento,335,"07/04/2018, SÁBADO, PÁGINA a22",https://acervo.estadao.com.br/pagina/#!/20180407-45462-nac-22-mrt-a22-not/busca/nascimento,https://acervo.estadao.com.br/procura/busca.php?&busca=Carlos+Nascimento&decade=2010%7C2010&page=335
estadao,Carlos Fernando da Costa Almeida de Paiva Nascimento,Carlos+Nascimento,335,"25/03/2018, DOMINGO, PÁGINA ce04",https://acervo.estadao.com.br/pagina/#!/20180325-45449-nac-49-emp-ce04-not/busca/Nascimento,https://acervo.estadao.com.br/procura/busca.php?&busca=Carlos+Nascimento&decade=2010%7C2010&page=335
estadao,Carlos Fernando da Costa Almeida de Paiva Nascimento,Carlos+Nascimento,335,"25/03/2018, DOMINGO, PÁGINA ce04",https://acervo.estadao.com.br/pagina/#!/20180325-45449-spo-49-emp-ce04-not/busca/Nascimento,https://acervo.estadao.com.br/procura/busca.php?&busca=Carlos+Nascimento&decade=2010%7C2010&page=335
estadao,Carlos Fernando da Costa Almeida de Paiva Nascimento,Carlos+Nascimento,336,"13/09/2014, SÁBADO, PÁGINA c9",https://acervo.estadao.com.br/pagina/#!/20140913-44160-spo-54-cd2-c9-not/busca/Nascimento,https://acervo.estadao.com.br/procura/busca.php?&busca=Carlos+Nascimento&decade=2010%7C2010&page=336
estadao,Carlos Fernando da Costa Almeida de Paiva Nascimento,Carlos+Nascimento,336,"23/03/2016, QUARTA-FEIRA, PÁGINA b6",https://acervo.estadao.com.br/pagina/#!/20160323-44717-nac-28-eco-b6-not/busca/Nascimento,https://acervo.estadao.com.br/procura/busca.php?&busca=Carlos+Nascimento&decade=2010%7C2010&page=336
estadao,Carlos Fernando da Costa Almeida de Paiva Nascimento,Carlos+Nascimento,336,"23/03/2016, QUARTA-FEIRA, PÁGINA b6",https://acervo.estadao.com.br/pagina/#!/20160323-44717-spo-28-eco-b6-not/busca/Nascimento,https://acervo.estadao.com.br/procura/busca.php?&busca=Carlos+Nascimento&decade=2010%7C2010&page=336
estadao,Carlos Fernando da Costa Almeida de Paiva Nascimento,Carlos+Nascimento,336,"03/04/2016, DOMINGO, PÁGINA c3",https://acervo.estadao.com.br/pagina/#!/20160403-44728-spo-35-cd2-c3-not/busca/Nascimento,https://acervo.estadao.com.br/procura/busca.php?&busca=Carlos+Nascimento&decade=2010%7C2010&page=336
estadao,Carlos Fernando da Costa Almeida de Paiva Nascimento,Carlos+Nascimento,336,"12/04/2016, TERÇA-FEIRA, PÁGINA a4",https://acervo.estadao.com.br/pagina/#!/20160412-44737-spo-4-pol-a4-not/busca/Nascimento,https://acervo.estadao.com.br/procura/busca.php?&busca=Carlos+Nascimento&decade=2010%7C2010&page=336
estadao,Carlos Fernando da Costa Almeida de Paiva Nascimento,Carlos+Nascimento,336,"15/04/2016, SEXTA-FEIRA, PÁGINA a4",https://acervo.estadao.com.br/pagina/#!/20160415-44740-nac-4-pol-a4-not/busca/Nascimento,https://acervo.estadao.com.br/procura/busca.php?&busca=Carlos+Nascimento&decade=2010%7C2010&page=336
estadao,Carlos Fernando da Costa Almeida de Paiva Nascimento,Carlos+Nascimento,337,"03/11/2017, SEXTA-FEIRA, PÁGINA ee11",https://acervo.estadao.com.br/pagina/#!/20171103-45307-nac-39-epl-ee11-not/busca/Nascimento,https://acervo.estadao.com.br/procura/busca.php?&busca=Carlos+Nascimento&decade=2010%7C2010&page=337
estadao,Carlos Fernando da Costa Almeida de Paiva Nascimento,Carlos+Nascimento,337,"03/11/2017, SEXTA-FEIRA, PÁGINA ee2",https://acervo.estadao.com.br/pagina/#!/20171103-45307-nac-30-epl-ee2-not/busca/Nascimento,https://acervo.estadao.com.br/procura/busca.php?&busca=Carlos+Nascimento&decade=2010%7C2010&page=337
estadao,Carlos Fernando da Costa Almeida de Paiva Nascimento,Carlos+Nascimento,337,"25/04/2017, TERÇA-FEIRA, PÁGINA c4",https://acervo.estadao.com.br/pagina/#!/20170425-45115-spo-34-cd2-c4-not/busca/Nascimento,https://acervo.estadao.com.br/procura/busca.php?&busca=Carlos+Nascimento&decade=2010%7C2010&page=337
estadao,Carlos Fernando da Costa Almeida de Paiva Nascimento,Carlos+Nascimento,337,"25/04/2017, TERÇA-FEIRA, PÁGINA c4",https://acervo.estadao.com.br/pagina/#!/20170425-45115-nac-34-cd2-c4-not/busca/Nascimento,https://acervo.estadao.com.br/procura/busca.php?&busca=Carlos+Nascimento&decade=2010%7C2010&page=337
estadao,Carlos Fernando da Costa Almeida de Paiva Nascimento,Carlos+Nascimento,337,"23/10/2016, DOMINGO, PÁGINA a2",https://acervo.estadao.com.br/pagina/#!/20161023-44931-spo-2-opi-a2-not/busca/Nascimento,https://acervo.estadao.com.br/procura/busca.php?&busca=Carlos+Nascimento&decade=2010%7C2010&page=337
estadao,Carlos Fernando da Costa Almeida de Paiva Nascimento,Carlos+Nascimento,337,"23/10/2016, DOMINGO, PÁGINA a2",https://acervo.estadao.com.br/pagina/#!/20161023-44931-nac-2-opi-a2-not/busca/Nascimento,https://acervo.estadao.com.br/procura/busca.php?&busca=Carlos+Nascimento&decade=2010%7C2010&page=337
estadao,Carlos Fernando da Costa Almeida de Paiva Nascimento,Carlos+Nascimento,337,"23/10/2016, DOMINGO, PÁGINA ce03",https://acervo.estadao.com.br/pagina/#!/20161023-44931-nac-50-emp-ce03-not/busca/Nascimento,https://acervo.estadao.com.br/procura/busca.php?&busca=Carlos+Nascimento&decade=2010%7C2010&page=337
estadao,Carlos Fernando da Costa Almeida de Paiva Nascimento,Carlos+Nascimento,338,"13/07/2016, QUARTA-FEIRA, PÁGINA b8",https://acervo.estadao.com.br/pagina/#!/20160713-44829-nac-27-eco-b8-not/busca/nascimento,https://acervo.estadao.com.br/procura/busca.php?&busca=Carlos+Nascimento&decade=2010%7C2010&page=338
estadao,Carlos Fernando da Costa Almeida de Paiva Nascimento,Carlos+Nascimento,338,"13/07/2016, QUARTA-FEIRA, PÁGINA b8",https://acervo.estadao.com.br/pagina/#!/20160713-44829-spo-27-eco-b8-not/busca/nascimento,https://acervo.estadao.com.br/procura/busca.php?&busca=Carlos+Nascimento&decade=2010%7C2010&page=338
estadao,Carlos Fernando da Costa Almeida de Paiva Nascimento,Carlos+Nascimento,338,"01/07/2016, SEXTA-FEIRA, PÁGINA a13",https://acervo.estadao.com.br/pagina/#!/20160701-44817-spo-13-mrt-a13-not/busca/nascimento,https://acervo.estadao.com.br/procura/busca.php?&busca=Carlos+Nascimento&decade=2010%7C2010&page=338
estadao,Carlos Fernando da Costa Almeida de Paiva Nascimento,Carlos+Nascimento,338,"06/06/2016, SEGUNDA-FEIRA, PÁGINA a2",https://acervo.estadao.com.br/pagina/#!/20160606-44792-nac-2-opi-a2-not/busca/nascimento,https://acervo.estadao.com.br/procura/busca.php?&busca=Carlos+Nascimento&decade=2010%7C2010&page=338
estadao,Carlos Fernando da Costa Almeida de Paiva Nascimento,Carlos+Nascimento,338,"06/06/2016, SEGUNDA-FEIRA, PÁGINA a2",https://acervo.estadao.com.br/pagina/#!/20160606-44792-spo-2-opi-a2-not/busca/nascimento,https://acervo.estadao.com.br/procura/busca.php?&busca=Carlos+Nascimento&decade=2010%7C2010&page=338
estadao,Carlos Fernando da Costa Almeida de Paiva Nascimento,Carlos+Nascimento,338,"08/08/2016, SEGUNDA-FEIRA, PÁGINA c8",https://acervo.estadao.com.br/pagina/#!/20160808-44855-nac-34-cd2-c8-not/busca/nascimento,https://acervo.estadao.com.br/procura/busca.php?&busca=Carlos+Nascimento&decade=2010%7C2010&page=338
estadao,Carlos Fernando da Costa Almeida de Paiva Nascimento,Carlos+Nascimento,339,"16/05/2017, TERÇA-FEIRA, PÁGINA a3",https://acervo.estadao.com.br/pagina/#!/20170516-45136-spo-3-edi-a3-not/busca/NASCIMENTO+CARLOS,https://acervo.estadao.com.br/procura/busca.php?&busca=Carlos+Nascimento&decade=2010%7C2010&page=339
estadao,Carlos Fernando da Costa Almeida de Paiva Nascimento,Carlos+Nascimento,339,"16/05/2017, TERÇA-FEIRA, PÁGINA a3",https://acervo.estadao.com.br/pagina/#!/20170516-45136-nac-3-edi-a3-not/busca/NASCIMENTO+CARLOS,https://acervo.estadao.com.br/procura/busca.php?&busca=Carlos+Nascimento&decade=2010%7C2010&page=339
estadao,Carlos Fernando da Costa Almeida de Paiva Nascimento,Carlos+Nascimento,339,"28/05/2017, DOMINGO, PÁGINA co05",https://acervo.estadao.com.br/pagina/#!/20170528-45148-spo-80-opr-co05-not/busca/Nascimento,https://acervo.estadao.com.br/procura/busca.php?&busca=Carlos+Nascimento&decade=2010%7C2010&page=339
estadao,Carlos Fernando da Costa Almeida de Paiva Nascimento,Carlos+Nascimento,339,"15/01/2017, DOMINGO, PÁGINA ce04",https://acervo.estadao.com.br/pagina/#!/20170115-45015-nac-51-emp-ce04-not/busca/nascimento,https://acervo.estadao.com.br/procura/busca.php?&busca=Carlos+Nascimento&decade=2010%7C2010&page=339
estadao,Carlos Fernando da Costa Almeida de Paiva Nascimento,Carlos+Nascimento,340,"21/12/2016, QUARTA-FEIRA, PÁGINA a2",https://acervo.estadao.com.br/pagina/#!/20161221-44990-spo-2-opi-a2-not/busca/nascimento,https://acervo.estadao.com.br/procura/busca.php?&busca=Carlos+Nascimento&decade=2010%7C2010&page=340
estadao,Carlos Fernando da Costa Almeida de Paiva Nascimento,Carlos+Nascimento,340,"21/12/2016, QUARTA-FEIRA, PÁGINA a2",https://acervo.estadao.com.br/pagina/#!/20161221-44990-nac-2-opi-a2-not/busca/nascimento,https://acervo.estadao.com.br/procura/busca.php?&busca=Carlos+Nascimento&decade=2010%7C2010&page=340
estadao,Carlos Fernando da Costa Almeida de Paiva Nascimento,Carlos+Nascimento,340,"06/05/2017, SÁBADO, PÁGINA ca04",https://acervo.estadao.com.br/pagina/#!/20170506-45126-nac-43-jca-ca04-not/busca/Nascimento,https://acervo.estadao.com.br/procura/busca.php?&busca=Carlos+Nascimento&decade=2010%7C2010&page=340
estadao,Carlos Fernando da Costa Almeida de Paiva Nascimento,Carlos+Nascimento,340,"06/05/2017, SÁBADO, PÁGINA ca04",https://acervo.estadao.com.br/pagina/#!/20170506-45126-spo-43-jca-ca04-not/busca/Nascimento,https://acervo.estadao.com.br/procura/busca.php?&busca=Carlos+Nascimento&decade=2010%7C2010&page=340
estadao,Carlos Fernando da Costa Almeida de Paiva Nascimento,Carlos+Nascimento,340,"01/06/2017, QUINTA-FEIRA, PÁGINA a16",https://acervo.estadao.com.br/pagina/#!/20170601-45152-spo-15-mrt-a16-not/busca/Carlos+Nascimento,https://acervo.estadao.com.br/procura/busca.php?&busca=Carlos+Nascimento&decade=2010%7C2010&page=340
estadao,Carlos Fernando da Costa Almeida de Paiva Nascimento,Carlos+Nascimento,340,"01/06/2017, QUINTA-FEIRA, PÁGINA a16",https://acervo.estadao.com.br/pagina/#!/20170601-45152-nac-15-mrt-a16-not/busca/Nascimento,https://acervo.estadao.com.br/procura/busca.php?&busca=Carlos+Nascimento&decade=2010%7C2010&page=340
estadao,Carlos Fernando da Costa Almeida de Paiva Nascimento,Carlos+Nascimento,341,"30/12/2015, QUARTA-FEIRA, PÁGINA a2",https://acervo.estadao.com.br/pagina/#!/20151230-44633-nac-2-opi-a2-not/busca/nascimento,https://acervo.estadao.com.br/procura/busca.php?&busca=Carlos+Nascimento&decade=2010%7C2010&page=341
estadao,Carlos Fernando da Costa Almeida de Paiva Nascimento,Carlos+Nascimento,341,"30/12/2015, QUARTA-FEIRA, PÁGINA a2",https://acervo.estadao.com.br/pagina/#!/20151230-44633-spo-2-opi-a2-not/busca/nascimento,https://acervo.estadao.com.br/procura/busca.php?&busca=Carlos+Nascimento&decade=2010%7C2010&page=341
estadao,Carlos Fernando da Costa Almeida de Paiva Nascimento,Carlos+Nascimento,341,"13/07/2016, QUARTA-FEIRA, PÁGINA b8",https://acervo.estadao.com.br/pagina/#!/20160713-44829-spo-26-eco-b8-not/busca/nascimento,https://acervo.estadao.com.br/procura/busca.php?&busca=Carlos+Nascimento&decade=2010%7C2010&page=341
estadao,Carlos Fernando da Costa Almeida de Paiva Nascimento,Carlos+Nascimento,341,"13/07/2016, QUARTA-FEIRA, PÁGINA b8",https://acervo.estadao.com.br/pagina/#!/20160713-44829-nac-26-eco-b8-not/busca/nascimento,https://acervo.estadao.com.br/procura/busca.php?&busca=Carlos+Nascimento&decade=2010%7C2010&page=341
estadao,Carlos Fernando da Costa Almeida de Paiva Nascimento,Carlos+Nascimento,341,"09/07/2016, SÁBADO, PÁGINA a15",https://acervo.estadao.com.br/pagina/#!/20160709-44825-nac-15-esp-a15-not/busca/Nascimento,https://acervo.estadao.com.br/procura/busca.php?&busca=Carlos+Nascimento&decade=2010%7C2010&page=341
estadao,Carlos Fernando da Costa Almeida de Paiva Nascimento,Carlos+Nascimento,342,"01/01/2010, SEXTA-FEIRA, PÁGINA c4",https://acervo.estadao.com.br/pagina/#!/20100101-42444-nac-20-cid-c4-not/busca/Nascimento,https://acervo.estadao.com.br/procura/busca.php?&busca=Carlos+Nascimento&decade=2010%7C2010&page=342
estadao,Carlos Fernando da Costa Almeida de Paiva Nascimento,Carlos+Nascimento,342,"21/01/2010, QUINTA-FEIRA, PÁGINA c4",https://acervo.estadao.com.br/pagina/#!/20100121-42464-spo-41-cid-c4-not/busca/nascimento,https://acervo.estadao.com.br/procura/busca.php?&busca=Carlos+Nascimento&decade=2010%7C2010&page=342
estadao,Carlos Fernando da Costa Almeida de Paiva Nascimento,Carlos+Nascimento,342,"21/01/2010, QUINTA-FEIRA, PÁGINA c4",https://acervo.estadao.com.br/pagina/#!/20100121-42464-nac-41-cid-c4-not/busca/nascimento,https://acervo.estadao.com.br/procura/busca.php?&busca=Carlos+Nascimento&decade=2010%7C2010&page=342
estadao,Carlos Fernando da Costa Almeida de Paiva Nascimento,Carlos+Nascimento,342,"20/01/2010, QUARTA-FEIRA, PÁGINA c5",https://acervo.estadao.com.br/pagina/#!/20100120-42463-spo-34-cid-c5-not/busca/nascimento,https://acervo.estadao.com.br/procura/busca.php?&busca=Carlos+Nascimento&decade=2010%7C2010&page=342
estadao,Carlos Fernando da Costa Almeida de Paiva Nascimento,Carlos+Nascimento,342,"20/01/2010, QUARTA-FEIRA, PÁGINA c4",https://acervo.estadao.com.br/pagina/#!/20100120-42463-nac-33-cid-c4-not/busca/nascimento,https://acervo.estadao.com.br/procura/busca.php?&busca=Carlos+Nascimento&decade=2010%7C2010&page=342
estadao,Carlos Fernando da Costa Almeida de Paiva Nascimento,Carlos+Nascimento,342,"13/01/2010, QUARTA-FEIRA, PÁGINA d2",https://acervo.estadao.com.br/pagina/#!/20100113-42456-spo-40-cd2-d2-not/busca/nascimento,https://acervo.estadao.com.br/procura/busca.php?&busca=Carlos+Nascimento&decade=2010%7C2010&page=342
estadao,Carlos Fernando da Costa Almeida de Paiva Nascimento,Carlos+Nascimento,342,"13/01/2010, QUARTA-FEIRA, PÁGINA d2",https://acervo.estadao.com.br/pagina/#!/20100113-42456-nac-36-cd2-d2-not/busca/nascimento,https://acervo.estadao.com.br/procura/busca.php?&busca=Carlos+Nascimento&decade=2010%7C2010&page=342
estadao,Carlos Fernando da Costa Almeida de Paiva Nascimento,Carlos+Nascimento,342,"24/01/2010, DOMINGO, PÁGINA co6",https://acervo.estadao.com.br/pagina/#!/20100124-42467-spo-136-opr-co6-not/busca/Nascimento,https://acervo.estadao.com.br/procura/busca.php?&busca=Carlos+Nascimento&decade=2010%7C2010&page=342
estadao,Carlos Fernando da Costa Almeida de Paiva Nascimento,Carlos+Nascimento,342,"10/08/2013, SÁBADO, PÁGINA a10",https://acervo.estadao.com.br/pagina/#!/20130810-43761-spo-10-pol-a10-not/busca/nascimento,https://acervo.estadao.com.br/procura/busca.php?&busca=Carlos+Nascimento&decade=2010%7C2010&page=342
estadao,Carlos Fernando da Costa Almeida de Paiva Nascimento,Carlos+Nascimento,343,"05/11/2016, SÁBADO, PÁGINA a3",https://acervo.estadao.com.br/pagina/#!/20161105-44944-spo-3-edi-a3-not/busca/NASCIMENTO,https://acervo.estadao.com.br/procura/busca.php?&busca=Carlos+Nascimento&decade=2010%7C2010&page=343
estadao,Carlos Fernando da Costa Almeida de Paiva Nascimento,Carlos+Nascimento,343,"05/11/2016, SÁBADO, PÁGINA a3",https://acervo.estadao.com.br/pagina/#!/20161105-44944-nac-3-edi-a3-not/busca/NASCIMENTO,https://acervo.estadao.com.br/procura/busca.php?&busca=Carlos+Nascimento&decade=2010%7C2010&page=343
estadao,Carlos Fernando da Costa Almeida de Paiva Nascimento,Carlos+Nascimento,343,"08/10/2016, SÁBADO, PÁGINA a2",https://acervo.estadao.com.br/pagina/#!/20161008-44916-nac-2-opi-a2-not/busca/nascimento,https://acervo.estadao.com.br/procura/busca.php?&busca=Carlos+Nascimento&decade=2010%7C2010&page=343
estadao,Carlos Fernando da Costa Almeida de Paiva Nascimento,Carlos+Nascimento,343,"08/10/2016, SÁBADO, PÁGINA a2",https://acervo.estadao.com.br/pagina/#!/20161008-44916-spo-2-opi-a2-not/busca/nascimento,https://acervo.estadao.com.br/procura/busca.php?&busca=Carlos+Nascimento&decade=2010%7C2010&page=343
estadao,Carlos Fernando da Costa Almeida de Paiva Nascimento,Carlos+Nascimento,343,"23/12/2016, SEXTA-FEIRA, PÁGINA b1",https://acervo.estadao.com.br/pagina/#!/20161223-44992-nac-17-eco-b1-not/busca/nascimento,https://acervo.estadao.com.br/procura/busca.php?&busca=Carlos+Nascimento&decade=2010%7C2010&page=343
estadao,Carlos Fernando da Costa Almeida de Paiva Nascimento,Carlos+Nascimento,343,"23/12/2016, SEXTA-FEIRA, PÁGINA b1",https://acervo.estadao.com.br/pagina/#!/20161223-44992-spo-17-eco-b1-not/busca/nascimento,https://acervo.estadao.com.br/procura/busca.php?&busca=Carlos+Nascimento&decade=2010%7C2010&page=343
estadao,Carlos Fernando da Costa Almeida de Paiva Nascimento,Carlos+Nascimento,343,"23/12/2016, SEXTA-FEIRA, PÁGINA b1",https://acervo.estadao.com.br/pagina/#!/20161223-44992-nac-18-eco-b1-not/busca/nascimento,https://acervo.estadao.com.br/procura/busca.php?&busca=Carlos+Nascimento&decade=2010%7C2010&page=343
estadao,Carlos Fernando da Costa Almeida de Paiva Nascimento,Carlos+Nascimento,344,"13/09/2014, SÁBADO, PÁGINA e6",https://acervo.estadao.com.br/pagina/#!/20140913-44160-nac-97-mrt-e6-not/busca/nascimento,https://acervo.estadao.com.br/procura/busca.php?&busca=Carlos+Nascimento&decade=2010%7C2010&page=344
estadao,Carlos Fernando da Costa Almeida de Paiva Nascimento,Carlos+Nascimento,344,"13/09/2014, SÁBADO, PÁGINA e6",https://acervo.estadao.com.br/pagina/#!/20140913-44160-spo-97-mrt-e6-not/busca/nascimento,https://acervo.estadao.com.br/procura/busca.php?&busca=Carlos+Nascimento&decade=2010%7C2010&page=344
estadao,Carlos Fernando da Costa Almeida de Paiva Nascimento,Carlos+Nascimento,344,"10/09/2014, QUARTA-FEIRA, PÁGINA c4",https://acervo.estadao.com.br/pagina/#!/20140910-44157-nac-45-cd2-c4-not/busca/nascimento,https://acervo.estadao.com.br/procura/busca.php?&busca=Carlos+Nascimento&decade=2010%7C2010&page=344
estadao,Carlos Fernando da Costa Almeida de Paiva Nascimento,Carlos+Nascimento,344,"19/02/2016, SEXTA-FEIRA, PÁGINA c6",https://acervo.estadao.com.br/pagina/#!/20160219-44684-spo-40-cd2-c6-not/busca/Nascimento,https://acervo.estadao.com.br/procura/busca.php?&busca=Carlos+Nascimento&decade=2010%7C2010&page=344
estadao,Carlos Fernando da Costa Almeida de Paiva Nascimento,Carlos+Nascimento,344,"22/06/2014, DOMINGO, PÁGINA ce8",https://acervo.estadao.com.br/pagina/#!/20140622-44077-spo-62-emp-ce8-not/busca/Nascimento,https://acervo.estadao.com.br/procura/busca.php?&busca=Carlos+Nascimento&decade=2010%7C2010&page=344
estadao,Carlos Fernando da Costa Almeida de Paiva Nascimento,Carlos+Nascimento,344,"22/06/2014, DOMINGO, PÁGINA ce8",https://acervo.estadao.com.br/pagina/#!/20140622-44077-nac-62-emp-ce8-not/busca/Nascimento,https://acervo.estadao.com.br/procura/busca.php?&busca=Carlos+Nascimento&decade=2010%7C2010&page=344
estadao,Carlos Fernando da Costa Almeida de Paiva Nascimento,Carlos+Nascimento,344,"23/10/2015, SEXTA-FEIRA, PÁGINA a12",https://acervo.estadao.com.br/pagina/#!/20151023-44565-spo-12-int-a12-not/busca/nascimento,https://acervo.estadao.com.br/procura/busca.php?&busca=Carlos+Nascimento&decade=2010%7C2010&page=344
estadao,Carlos Fernando da Costa Almeida de Paiva Nascimento,Carlos+Nascimento,345,"28/12/2015, SEGUNDA-FEIRA, PÁGINA a3",https://acervo.estadao.com.br/pagina/#!/20151228-44631-nac-3-edi-a3-not/busca/Nascimento,https://acervo.estadao.com.br/procura/busca.php?&busca=Carlos+Nascimento&decade=2010%7C2010&page=345
estadao,Carlos Fernando da Costa Almeida de Paiva Nascimento,Carlos+Nascimento,345,"28/12/2015, SEGUNDA-FEIRA, PÁGINA a3",https://acervo.estadao.com.br/pagina/#!/20151228-44631-spo-3-edi-a3-not/busca/Nascimento,https://acervo.estadao.com.br/procura/busca.php?&busca=Carlos+Nascimento&decade=2010%7C2010&page=345
estadao,Carlos Fernando da Costa Almeida de Paiva Nascimento,Carlos+Nascimento,345,"08/08/2014, SEXTA-FEIRA, PÁGINA a3",https://acervo.estadao.com.br/pagina/#!/20140808-44124-nac-3-edi-a3-not/busca/NASCIMENTO,https://acervo.estadao.com.br/procura/busca.php?&busca=Carlos+Nascimento&decade=2010%7C2010&page=345
estadao,Carlos Fernando da Costa Almeida de Paiva Nascimento,Carlos+Nascimento,345,"08/08/2014, SEXTA-FEIRA, PÁGINA a3",https://acervo.estadao.com.br/pagina/#!/20140808-44124-spo-3-edi-a3-not/busca/NASCIMENTO,https://acervo.estadao.com.br/procura/busca.php?&busca=Carlos+Nascimento&decade=2010%7C2010&page=345
estadao,Carlos Fernando da Costa Almeida de Paiva Nascimento,Carlos+Nascimento,345,"01/11/2015, DOMINGO, PÁGINA a3",https://acervo.estadao.com.br/pagina/#!/20151101-44574-spo-3-edi-a3-not/busca/NASCIMENTO,https://acervo.estadao.com.br/procura/busca.php?&busca=Carlos+Nascimento&decade=2010%7C2010&page=345
estadao,Carlos Fernando da Costa Almeida de Paiva Nascimento,Carlos+Nascimento,345,"31/08/2014, DOMINGO, PÁGINA ce4",https://acervo.estadao.com.br/pagina/#!/20140831-44147-spo-62-emp-ce4-not/busca/nascimento,https://acervo.estadao.com.br/procura/busca.php?&busca=Carlos+Nascimento&decade=2010%7C2010&page=345
estadao,Carlos Fernando da Costa Almeida de Paiva Nascimento,Carlos+Nascimento,345,"14/02/2019, QUINTA-FEIRA, PÁGINA b4",https://acervo.estadao.com.br/pagina/#!/20190214-45775-nac-26-eco-b4-not,https://acervo.estadao.com.br/procura/busca.php?&busca=Carlos+Nascimento&decade=2010%7C2010&page=345
estadao,Carlos Fernando da Costa Almeida de Paiva Nascimento,Carlos+Nascimento,346,"21/12/2018, SEXTA-FEIRA, PÁGINA c4",https://acervo.estadao.com.br/pagina/#!/20181221-45720-nac-33-cd2-c4-not/busca/Nascimento,https://acervo.estadao.com.br/procura/busca.php?&busca=Carlos+Nascimento&decade=2010%7C2010&page=346
estadao,Carlos Fernando da Costa Almeida de Paiva Nascimento,Carlos+Nascimento,346,"21/12/2018, SEXTA-FEIRA, PÁGINA c4",https://acervo.estadao.com.br/pagina/#!/20181221-45720-spo-33-cd2-c4-not/busca/Nascimento,https://acervo.estadao.com.br/procura/busca.php?&busca=Carlos+Nascimento&decade=2010%7C2010&page=346
estadao,Carlos Fernando da Costa Almeida de Paiva Nascimento,Carlos+Nascimento,346,"25/01/2019, SEXTA-FEIRA, PÁGINA q14",https://acervo.estadao.com.br/pagina/#!/20190125-45755-spo-72-gui-q14-not/busca/nascimento,https://acervo.estadao.com.br/procura/busca.php?&busca=Carlos+Nascimento&decade=2010%7C2010&page=346
estadao,Carlos Fernando da Costa Almeida de Paiva Nascimento,Carlos+Nascimento,346,"25/01/2019, SEXTA-FEIRA, PÁGINA q14",https://acervo.estadao.com.br/pagina/#!/20190125-45755-nac-72-gui-q14-not/busca/nascimento,https://acervo.estadao.com.br/procura/busca.php?&busca=Carlos+Nascimento&decade=2010%7C2010&page=346
estadao,Carlos Fernando da Costa Almeida de Paiva Nascimento,Carlos+Nascimento,346,"14/02/2019, QUINTA-FEIRA, PÁGINA b4",https://acervo.estadao.com.br/pagina/#!/20190214-45775-spo-26-eco-b4-not,https://acervo.estadao.com.br/procura/busca.php?&busca=Carlos+Nascimento&decade=2010%7C2010&page=346
estadao,Carlos Fernando da Costa Almeida de Paiva Nascimento,Carlos+Nascimento,346,"19/12/2018, QUARTA-FEIRA, PÁGINA a20",https://acervo.estadao.com.br/pagina/#!/20181219-45718-nac-19-esp-a20-not/busca/nascimento,https://acervo.estadao.com.br/procura/busca.php?&busca=Carlos+Nascimento&decade=2010%7C2010&page=346
estadao,Carlos Fernando da Costa Almeida de Paiva Nascimento,Carlos+Nascimento,346,"19/12/2018, QUARTA-FEIRA, PÁGINA a20",https://acervo.estadao.com.br/pagina/#!/20181219-45718-spo-19-esp-a20-not/busca/nascimento,https://acervo.estadao.com.br/procura/busca.php?&busca=Carlos+Nascimento&decade=2010%7C2010&page=346
estadao,Carlos Fernando da Costa Almeida de Paiva Nascimento,Carlos+Nascimento,346,"11/08/2018, SÁBADO, PÁGINA a20",https://acervo.estadao.com.br/pagina/#!/20180811-45588-nac-20-mrt-a20-not/busca/nascimento,https://acervo.estadao.com.br/procura/busca.php?&busca=Carlos+Nascimento&decade=2010%7C2010&page=346
estadao,Carlos Fernando da Costa Almeida de Paiva Nascimento,Carlos+Nascimento,346,"11/08/2018, SÁBADO, PÁGINA a20",https://acervo.estadao.com.br/pagina/#!/20180811-45588-spo-20-mrt-a20-not/busca/nascimento,https://acervo.estadao.com.br/procura/busca.php?&busca=Carlos+Nascimento&decade=2010%7C2010&page=346
estadao,Carlos Fernando da Costa Almeida de Paiva Nascimento,Carlos+Nascimento,346,"06/08/2018, SEGUNDA-FEIRA, PÁGINA a9",https://acervo.estadao.com.br/pagina/#!/20180806-45583-spo-9-pol-a9-not/busca/Nascimento,https://acervo.estadao.com.br/procura/busca.php?&busca=Carlos+Nascimento&decade=2010%7C2010&page=346
estadao,Carlos Fernando da Costa Almeida de Paiva Nascimento,Carlos+Nascimento,347,"16/01/2017, SEGUNDA-FEIRA, PÁGINA a2",https://acervo.estadao.com.br/pagina/#!/20170116-45016-spo-2-opi-a2-not/busca/nascimento,https://acervo.estadao.com.br/procura/busca.php?&busca=Carlos+Nascimento&decade=2010%7C2010&page=347
estadao,Carlos Fernando da Costa Almeida de Paiva Nascimento,Carlos+Nascimento,347,"16/01/2017, SEGUNDA-FEIRA, PÁGINA a2",https://acervo.estadao.com.br/pagina/#!/20170116-45016-nac-2-opi-a2-not/busca/nascimento,https://acervo.estadao.com.br/procura/busca.php?&busca=Carlos+Nascimento&decade=2010%7C2010&page=347
estadao,Carlos Fernando da Costa Almeida de Paiva Nascimento,Carlos+Nascimento,347,"16/02/2017, QUINTA-FEIRA, PÁGINA a5",https://acervo.estadao.com.br/pagina/#!/20170216-45047-spo-5-pol-a5-not/busca/Nascimento,https://acervo.estadao.com.br/procura/busca.php?&busca=Carlos+Nascimento&decade=2010%7C2010&page=347
estadao,Carlos Fernando da Costa Almeida de Paiva Nascimento,Carlos+Nascimento,347,"16/02/2017, QUINTA-FEIRA, PÁGINA a5",https://acervo.estadao.com.br/pagina/#!/20170216-45047-nac-5-pol-a5-not/busca/Nascimento,https://acervo.estadao.com.br/procura/busca.php?&busca=Carlos+Nascimento&decade=2010%7C2010&page=347
estadao,Carlos Fernando da Costa Almeida de Paiva Nascimento,Carlos+Nascimento,347,"10/01/2017, TERÇA-FEIRA, PÁGINA a13",https://acervo.estadao.com.br/pagina/#!/20170110-45010-nac-13-mrt-a13-not/busca/Nascimento,https://acervo.estadao.com.br/procura/busca.php?&busca=Carlos+Nascimento&decade=2010%7C2010&page=347
estadao,Carlos Fernando da Costa Almeida de Paiva Nascimento,Carlos+Nascimento,347,"20/04/2016, QUARTA-FEIRA, PÁGINA a12",https://acervo.estadao.com.br/pagina/#!/20160420-44745-nac-12-pol-a12-not/busca/Nascimento,https://acervo.estadao.com.br/procura/busca.php?&busca=Carlos+Nascimento&decade=2010%7C2010&page=347
estadao,Carlos Fernando da Costa Almeida de Paiva Nascimento,Carlos+Nascimento,347,"20/04/2016, QUARTA-FEIRA, PÁGINA a12",https://acervo.estadao.com.br/pagina/#!/20160420-44745-spo-12-pol-a12-not/busca/Nascimento,https://acervo.estadao.com.br/procura/busca.php?&busca=Carlos+Nascimento&decade=2010%7C2010&page=347
estadao,Carlos Fernando da Costa Almeida de Paiva Nascimento,Carlos+Nascimento,348,"09/05/2016, SEGUNDA-FEIRA, PÁGINA a2",https://acervo.estadao.com.br/pagina/#!/20160509-44764-nac-2-opi-a2-not/busca/NASCIMENTO,https://acervo.estadao.com.br/procura/busca.php?&busca=Carlos+Nascimento&decade=2010%7C2010&page=348
estadao,Carlos Fernando da Costa Almeida de Paiva Nascimento,Carlos+Nascimento,348,"09/05/2016, SEGUNDA-FEIRA, PÁGINA a2",https://acervo.estadao.com.br/pagina/#!/20160509-44764-spo-2-opi-a2-not/busca/NASCIMENTO,https://acervo.estadao.com.br/procura/busca.php?&busca=Carlos+Nascimento&decade=2010%7C2010&page=348
estadao,Carlos Fernando da Costa Almeida de Paiva Nascimento,Carlos+Nascimento,348,"19/05/2016, QUINTA-FEIRA, PÁGINA c8",https://acervo.estadao.com.br/pagina/#!/20160519-44774-spo-48-cd2-c8-not/busca/Nascimento,https://acervo.estadao.com.br/procura/busca.php?&busca=Carlos+Nascimento&decade=2010%7C2010&page=348
estadao,Carlos Fernando da Costa Almeida de Paiva Nascimento,Carlos+Nascimento,348,"22/05/2016, DOMINGO, PÁGINA ce06",https://acervo.estadao.com.br/pagina/#!/20160522-44777-spo-59-emp-ce06-not/busca/Nascimento,https://acervo.estadao.com.br/procura/busca.php?&busca=Carlos+Nascimento&decade=2010%7C2010&page=348
estadao,Carlos Fernando da Costa Almeida de Paiva Nascimento,Carlos+Nascimento,348,"22/05/2016, DOMINGO, PÁGINA ce06",https://acervo.estadao.com.br/pagina/#!/20160522-44777-nac-59-emp-ce06-not/busca/Nascimento,https://acervo.estadao.com.br/procura/busca.php?&busca=Carlos+Nascimento&decade=2010%7C2010&page=348
estadao,Carlos Fernando da Costa Almeida de Paiva Nascimento,Carlos+Nascimento,348,"30/09/2016, SEXTA-FEIRA, PÁGINA a2",https://acervo.estadao.com.br/pagina/#!/20160930-44908-nac-2-opi-a2-not/busca/NASCIMENTO,https://acervo.estadao.com.br/procura/busca.php?&busca=Carlos+Nascimento&decade=2010%7C2010&page=348
estadao,Carlos Fernando da Costa Almeida de Paiva Nascimento,Carlos+Nascimento,348,"30/09/2016, SEXTA-FEIRA, PÁGINA c8",https://acervo.estadao.com.br/pagina/#!/20160930-44908-nac-48-cd2-c8-not/busca/Nascimento,https://acervo.estadao.com.br/procura/busca.php?&busca=Carlos+Nascimento&decade=2010%7C2010&page=348
estadao,Carlos Fernando da Costa Almeida de Paiva Nascimento,Carlos+Nascimento,348,"30/09/2016, SEXTA-FEIRA, PÁGINA a2",https://acervo.estadao.com.br/pagina/#!/20160930-44908-spo-2-opi-a2-not/busca/NASCIMENTO,https://acervo.estadao.com.br/procura/busca.php?&busca=Carlos+Nascimento&decade=2010%7C2010&page=348
estadao,Carlos Fernando da Costa Almeida de Paiva Nascimento,Carlos+Nascimento,348,"30/09/2016, SEXTA-FEIRA, PÁGINA c8",https://acervo.estadao.com.br/pagina/#!/20160930-44908-spo-48-cd2-c8-not/busca/Nascimento,https://acervo.estadao.com.br/procura/busca.php?&busca=Carlos+Nascimento&decade=2010%7C2010&page=348
estadao,Carlos Fernando da Costa Almeida de Paiva Nascimento,Carlos+Nascimento,349,"31/05/2018, QUINTA-FEIRA, PÁGINA c5",https://acervo.estadao.com.br/pagina/#!/20180531-45516-spo-39-cd2-c5-not/busca/Nascimento,https://acervo.estadao.com.br/procura/busca.php?&busca=Carlos+Nascimento&decade=2010%7C2010&page=349
estadao,Carlos Fernando da Costa Almeida de Paiva Nascimento,Carlos+Nascimento,349,"31/05/2018, QUINTA-FEIRA, PÁGINA c5",https://acervo.estadao.com.br/pagina/#!/20180531-45516-nac-39-cd2-c5-not/busca/Nascimento,https://acervo.estadao.com.br/procura/busca.php?&busca=Carlos+Nascimento&decade=2010%7C2010&page=349
estadao,Carlos Fernando da Costa Almeida de Paiva Nascimento,Carlos+Nascimento,349,"03/06/2018, DOMINGO, PÁGINA ce04",https://acervo.estadao.com.br/pagina/#!/20180603-45519-nac-51-emp-ce04-not/busca/Nascimento,https://acervo.estadao.com.br/procura/busca.php?&busca=Carlos+Nascimento&decade=2010%7C2010&page=349
estadao,Carlos Fernando da Costa Almeida de Paiva Nascimento,Carlos+Nascimento,349,"09/03/2016, QUARTA-FEIRA, PÁGINA c6",https://acervo.estadao.com.br/pagina/#!/20160309-44703-nac-39-cd2-c6-not/busca/Nascimento,https://acervo.estadao.com.br/procura/busca.php?&busca=Carlos+Nascimento&decade=2010%7C2010&page=349
estadao,Carlos Fernando da Costa Almeida de Paiva Nascimento,Carlos+Nascimento,349,"09/03/2016, QUARTA-FEIRA, PÁGINA c6",https://acervo.estadao.com.br/pagina/#!/20160309-44703-spo-39-cd2-c6-not/busca/Nascimento,https://acervo.estadao.com.br/procura/busca.php?&busca=Carlos+Nascimento&decade=2010%7C2010&page=349
estadao,Carlos Fernando da Costa Almeida de Paiva Nascimento,Carlos+Nascimento,350,"18/03/2016, SEXTA-FEIRA, PÁGINA a11",https://acervo.estadao.com.br/pagina/#!/20160318-44712-spo-11-pol-a11-not/busca/Nascimento,https://acervo.estadao.com.br/procura/busca.php?&busca=Carlos+Nascimento&decade=2010%7C2010&page=350
estadao,Carlos Fernando da Costa Almeida de Paiva Nascimento,Carlos+Nascimento,350,"14/04/2017, SEXTA-FEIRA, PÁGINA a9",https://acervo.estadao.com.br/pagina/#!/20170414-45104-nac-9-pol-a9-not/busca/NASCIMENTO,https://acervo.estadao.com.br/procura/busca.php?&busca=Carlos+Nascimento&decade=2010%7C2010&page=350
estadao,Carlos Fernando da Costa Almeida de Paiva Nascimento,Carlos+Nascimento,350,"14/04/2017, SEXTA-FEIRA, PÁGINA a9",https://acervo.estadao.com.br/pagina/#!/20170414-45104-spo-9-pol-a9-not/busca/NASCIMENTO,https://acervo.estadao.com.br/procura/busca.php?&busca=Carlos+Nascimento&decade=2010%7C2010&page=350
estadao,Carlos Fernando da Costa Almeida de Paiva Nascimento,Carlos+Nascimento,350,"06/04/2017, QUINTA-FEIRA, PÁGINA c10",https://acervo.estadao.com.br/pagina/#!/20170406-45096-spo-56-cd2-c10-not/busca/nascimento,https://acervo.estadao.com.br/procura/busca.php?&busca=Carlos+Nascimento&decade=2010%7C2010&page=350
estadao,Carlos Fernando da Costa Almeida de Paiva Nascimento,Carlos+Nascimento,350,"04/04/2017, TERÇA-FEIRA, PÁGINA a6",https://acervo.estadao.com.br/pagina/#!/20170404-45094-spo-6-pol-a6-not/busca/Nascimento,https://acervo.estadao.com.br/procura/busca.php?&busca=Carlos+Nascimento&decade=2010%7C2010&page=350
estadao,Carlos Fernando da Costa Almeida de Paiva Nascimento,Carlos+Nascimento,350,"04/04/2017, TERÇA-FEIRA, PÁGINA a6",https://acervo.estadao.com.br/pagina/#!/20170404-45094-nac-6-pol-a6-not/busca/Nascimento,https://acervo.estadao.com.br/procura/busca.php?&busca=Carlos+Nascimento&decade=2010%7C2010&page=350
estadao,Carlos Fernando da Costa Almeida de Paiva Nascimento,Carlos+Nascimento,351,"28/09/2016, QUARTA-FEIRA, PÁGINA a3",https://acervo.estadao.com.br/pagina/#!/20160928-44906-nac-3-edi-a3-not/busca/NASCIMENTO,https://acervo.estadao.com.br/procura/busca.php?&busca=Carlos+Nascimento&decade=2010%7C2010&page=351
estadao,Carlos Fernando da Costa Almeida de Paiva Nascimento,Carlos+Nascimento,351,"28/09/2016, QUARTA-FEIRA, PÁGINA a3",https://acervo.estadao.com.br/pagina/#!/20160928-44906-spo-3-edi-a3-not/busca/NASCIMENTO,https://acervo.estadao.com.br/procura/busca.php?&busca=Carlos+Nascimento&decade=2010%7C2010&page=351
estadao,Carlos Fernando da Costa Almeida de Paiva Nascimento,Carlos+Nascimento,351,"26/08/2016, SEXTA-FEIRA, PÁGINA c8",https://acervo.estadao.com.br/pagina/#!/20160826-44873-spo-61-cd2-c8-not/busca/nascimento,https://acervo.estadao.com.br/procura/busca.php?&busca=Carlos+Nascimento&decade=2010%7C2010&page=351
estadao,Carlos Fernando da Costa Almeida de Paiva Nascimento,Carlos+Nascimento,351,"28/08/2016, DOMINGO, PÁGINA d4",https://acervo.estadao.com.br/pagina/#!/20160828-44875-spo-88-esp-d4-not/busca/Nascimento,https://acervo.estadao.com.br/procura/busca.php?&busca=Carlos+Nascimento&decade=2010%7C2010&page=351
estadao,Carlos Fernando da Costa Almeida de Paiva Nascimento,Carlos+Nascimento,351,"28/08/2016, DOMINGO, PÁGINA d4",https://acervo.estadao.com.br/pagina/#!/20160828-44875-nac-88-esp-d4-not/busca/Nascimento,https://acervo.estadao.com.br/procura/busca.php?&busca=Carlos+Nascimento&decade=2010%7C2010&page=351
estadao,Carlos Fernando da Costa Almeida de Paiva Nascimento,Carlos+Nascimento,351,"26/08/2016, SEXTA-FEIRA, PÁGINA c8",https://acervo.estadao.com.br/pagina/#!/20160826-44873-nac-61-cd2-c8-not/busca/nascimento,https://acervo.estadao.com.br/procura/busca.php?&busca=Carlos+Nascimento&decade=2010%7C2010&page=351
estadao,Carlos Fernando da Costa Almeida de Paiva Nascimento,Carlos+Nascimento,351,"03/04/2016, DOMINGO, PÁGINA c3",https://acervo.estadao.com.br/pagina/#!/20160403-44728-nac-35-cd2-c3-not/busca/Nascimento,https://acervo.estadao.com.br/procura/busca.php?&busca=Carlos+Nascimento&decade=2010%7C2010&page=351
estadao,Carlos Fernando da Costa Almeida de Paiva Nascimento,Carlos+Nascimento,352,"07/10/2018, DOMINGO, PÁGINA c7",https://acervo.estadao.com.br/pagina/#!/20181007-45645-spo-51-cd2-c7-not/busca/Nascimento,https://acervo.estadao.com.br/procura/busca.php?&busca=Carlos+Nascimento&decade=2010%7C2010&page=352
estadao,Carlos Fernando da Costa Almeida de Paiva Nascimento,Carlos+Nascimento,352,"04/10/2018, QUINTA-FEIRA, PÁGINA b7",https://acervo.estadao.com.br/pagina/#!/20181004-45642-nac-28-eco-b7-not/busca/Nascimento,https://acervo.estadao.com.br/procura/busca.php?&busca=Carlos+Nascimento&decade=2010%7C2010&page=352
estadao,Carlos Fernando da Costa Almeida de Paiva Nascimento,Carlos+Nascimento,352,"04/10/2018, QUINTA-FEIRA, PÁGINA b7",https://acervo.estadao.com.br/pagina/#!/20181004-45642-spo-28-eco-b7-not/busca/Nascimento,https://acervo.estadao.com.br/procura/busca.php?&busca=Carlos+Nascimento&decade=2010%7C2010&page=352
estadao,Carlos Fernando da Costa Almeida de Paiva Nascimento,Carlos+Nascimento,352,"28/05/2017, DOMINGO, PÁGINA co05",https://acervo.estadao.com.br/pagina/#!/20170528-45148-nac-80-opr-co05-not/busca/Nascimento,https://acervo.estadao.com.br/procura/busca.php?&busca=Carlos+Nascimento&decade=2010%7C2010&page=352
estadao,Carlos Fernando da Costa Almeida de Paiva Nascimento,Carlos+Nascimento,352,"14/09/2018, SEXTA-FEIRA, PÁGINA q36",https://acervo.estadao.com.br/pagina/#!/20180914-45622-spo-78-gui-q36-not,https://acervo.estadao.com.br/procura/busca.php?&busca=Carlos+Nascimento&decade=2010%7C2010&page=352
estadao,Carlos Fernando da Costa Almeida de Paiva Nascimento,Carlos+Nascimento,352,"14/09/2018, SEXTA-FEIRA, PÁGINA q36",https://acervo.estadao.com.br/pagina/#!/20180914-45622-nac-78-gui-q36-not,https://acervo.estadao.com.br/procura/busca.php?&busca=Carlos+Nascimento&decade=2010%7C2010&page=352
estadao,Carlos Fernando da Costa Almeida de Paiva Nascimento,Carlos+Nascimento,352,"13/07/2018, SEXTA-FEIRA, PÁGINA c6",https://acervo.estadao.com.br/pagina/#!/20180713-45559-nac-30-cd2-c6-not/busca/nascimento,https://acervo.estadao.com.br/procura/busca.php?&busca=Carlos+Nascimento&decade=2010%7C2010&page=352
estadao,Carlos Fernando da Costa Almeida de Paiva Nascimento,Carlos+Nascimento,352,"13/07/2018, SEXTA-FEIRA, PÁGINA c6",https://acervo.estadao.com.br/pagina/#!/20180713-45559-spo-30-cd2-c6-not/busca/nascimento,https://acervo.estadao.com.br/procura/busca.php?&busca=Carlos+Nascimento&decade=2010%7C2010&page=352
estadao,Carlos Fernando da Costa Almeida de Paiva Nascimento,Carlos+Nascimento,353,"08/08/2015, SÁBADO, PÁGINA a12",https://acervo.estadao.com.br/pagina/#!/20150808-44489-nac-11-pol-a12-not/busca/Nascimento,https://acervo.estadao.com.br/procura/busca.php?&busca=Carlos+Nascimento&decade=2010%7C2010&page=353
estadao,Carlos Fernando da Costa Almeida de Paiva Nascimento,Carlos+Nascimento,353,"25/06/2018, SEGUNDA-FEIRA, PÁGINA a13",https://acervo.estadao.com.br/pagina/#!/20180625-45541-nac-13-mrt-a13-not/busca/Nascimento,https://acervo.estadao.com.br/procura/busca.php?&busca=Carlos+Nascimento&decade=2010%7C2010&page=353
estadao,Carlos Fernando da Costa Almeida de Paiva Nascimento,Carlos+Nascimento,353,"25/06/2018, SEGUNDA-FEIRA, PÁGINA a13",https://acervo.estadao.com.br/pagina/#!/20180625-45541-spo-13-mrt-a13-not/busca/Nascimento,https://acervo.estadao.com.br/procura/busca.php?&busca=Carlos+Nascimento&decade=2010%7C2010&page=353
estadao,Carlos Fernando da Costa Almeida de Paiva Nascimento,Carlos+Nascimento,355,"26/07/2016, TERÇA-FEIRA, PÁGINA a14",https://acervo.estadao.com.br/pagina/#!/20160726-44842-spo-12-mrt-a14-not/busca/nascimento,https://acervo.estadao.com.br/procura/busca.php?&busca=Carlos+Nascimento&decade=2010%7C2010&page=355
estadao,Carlos Fernando da Costa Almeida de Paiva Nascimento,Carlos+Nascimento,355,"27/07/2016, QUARTA-FEIRA, PÁGINA h3",https://acervo.estadao.com.br/pagina/#!/20160727-44843-spo-52-esp-h3-not/busca/Nascimento,https://acervo.estadao.com.br/procura/busca.php?&busca=Carlos+Nascimento&decade=2010%7C2010&page=355
estadao,Carlos Fernando da Costa Almeida de Paiva Nascimento,Carlos+Nascimento,355,"15/07/2015, QUARTA-FEIRA, PÁGINA b11",https://acervo.estadao.com.br/pagina/#!/20150715-44465-spo-32-eco-b11-not/busca/Nascimento+Carlos,https://acervo.estadao.com.br/procura/busca.php?&busca=Carlos+Nascimento&decade=2010%7C2010&page=355
estadao,Carlos Fernando da Costa Almeida de Paiva Nascimento,Carlos+Nascimento,355,"15/07/2015, QUARTA-FEIRA, PÁGINA b11",https://acervo.estadao.com.br/pagina/#!/20150715-44465-nac-32-eco-b11-not/busca/Nascimento+Carlos,https://acervo.estadao.com.br/procura/busca.php?&busca=Carlos+Nascimento&decade=2010%7C2010&page=355
estadao,Carlos Fernando da Costa Almeida de Paiva Nascimento,Carlos+Nascimento,355,"19/04/2015, DOMINGO, PÁGINA a26",https://acervo.estadao.com.br/pagina/#!/20150419-44378-nac-24-mrt-a26-not/busca/nascimento,https://acervo.estadao.com.br/procura/busca.php?&busca=Carlos+Nascimento&decade=2010%7C2010&page=355
estadao,Carlos Fernando da Costa Almeida de Paiva Nascimento,Carlos+Nascimento,355,"19/04/2015, DOMINGO, PÁGINA a26",https://acervo.estadao.com.br/pagina/#!/20150419-44378-spo-24-mrt-a26-not/busca/nascimento,https://acervo.estadao.com.br/procura/busca.php?&busca=Carlos+Nascimento&decade=2010%7C2010&page=355
estadao,Carlos Fernando da Costa Almeida de Paiva Nascimento,Carlos+Nascimento,356,"11/09/2015, SEXTA-FEIRA, PÁGINA c6",https://acervo.estadao.com.br/pagina/#!/20150911-44523-nac-40-cd2-c6-not/busca/Nascimento,https://acervo.estadao.com.br/procura/busca.php?&busca=Carlos+Nascimento&decade=2010%7C2010&page=356
estadao,Carlos Fernando da Costa Almeida de Paiva Nascimento,Carlos+Nascimento,356,"11/09/2015, SEXTA-FEIRA, PÁGINA c6",https://acervo.estadao.com.br/pagina/#!/20150911-44523-spo-40-cd2-c6-not/busca/Nascimento,https://acervo.estadao.com.br/procura/busca.php?&busca=Carlos+Nascimento&decade=2010%7C2010&page=356
estadao,Carlos Fernando da Costa Almeida de Paiva Nascimento,Carlos+Nascimento,356,"04/06/2017, DOMINGO, PÁGINA a20",https://acervo.estadao.com.br/pagina/#!/20170604-45155-spo-20-mrt-a20-not/busca/Nascimento,https://acervo.estadao.com.br/procura/busca.php?&busca=Carlos+Nascimento&decade=2010%7C2010&page=356
estadao,Carlos Fernando da Costa Almeida de Paiva Nascimento,Carlos+Nascimento,357,"04/06/2017, DOMINGO, PÁGINA a20",https://acervo.estadao.com.br/pagina/#!/20170604-45155-nac-20-mrt-a20-not/busca/Nascimento,https://acervo.estadao.com.br/procura/busca.php?&busca=Carlos+Nascimento&decade=2010%7C2010&page=357
estadao,Carlos Fernando da Costa Almeida de Paiva Nascimento,Carlos+Nascimento,357,"04/06/2017, DOMINGO, PÁGINA ce06",https://acervo.estadao.com.br/pagina/#!/20170604-45155-nac-55-emp-ce06-not/busca/Nascimento,https://acervo.estadao.com.br/procura/busca.php?&busca=Carlos+Nascimento&decade=2010%7C2010&page=357
estadao,Carlos Fernando da Costa Almeida de Paiva Nascimento,Carlos+Nascimento,357,"04/06/2017, DOMINGO, PÁGINA ce06",https://acervo.estadao.com.br/pagina/#!/20170604-45155-spo-55-emp-ce06-not/busca/Nascimento,https://acervo.estadao.com.br/procura/busca.php?&busca=Carlos+Nascimento&decade=2010%7C2010&page=357
estadao,Carlos Fernando da Costa Almeida de Paiva Nascimento,Carlos+Nascimento,357,"23/06/2017, SEXTA-FEIRA, PÁGINA q23",https://acervo.estadao.com.br/pagina/#!/20170623-45174-nac-55-gui-q23-not/busca/nascimento,https://acervo.estadao.com.br/procura/busca.php?&busca=Carlos+Nascimento&decade=2010%7C2010&page=357
estadao,Carlos Fernando da Costa Almeida de Paiva Nascimento,Carlos+Nascimento,358,"23/06/2017, SEXTA-FEIRA, PÁGINA q23",https://acervo.estadao.com.br/pagina/#!/20170623-45174-spo-55-gui-q23-not/busca/nascimento,https://acervo.estadao.com.br/procura/busca.php?&busca=Carlos+Nascimento&decade=2010%7C2010&page=358
estadao,Carlos Fernando da Costa Almeida de Paiva Nascimento,Carlos+Nascimento,359,"07/10/2018, DOMINGO, PÁGINA c7",https://acervo.estadao.com.br/pagina/#!/20181007-45645-nac-51-cd2-c7-not/busca/Nascimento,https://acervo.estadao.com.br/procura/busca.php?&busca=Carlos+Nascimento&decade=2010%7C2010&page=359
estadao,Carlos Fernando da Costa Almeida de Paiva Nascimento,Carlos+Nascimento,359,"11/11/2018, DOMINGO, PÁGINA c7",https://acervo.estadao.com.br/pagina/#!/20181111-45680-nac-38-cd2-c7-not,https://acervo.estadao.com.br/procura/busca.php?&busca=Carlos+Nascimento&decade=2010%7C2010&page=359
estadao,Carlos Fernando da Costa Almeida de Paiva Nascimento,Carlos+Nascimento,359,"11/11/2018, DOMINGO, PÁGINA c7",https://acervo.estadao.com.br/pagina/#!/20181111-45680-spo-38-cd2-c7-not,https://acervo.estadao.com.br/procura/busca.php?&busca=Carlos+Nascimento&decade=2010%7C2010&page=359
estadao,Carlos Fernando da Costa Almeida de Paiva Nascimento,Carlos+Nascimento,359,"07/11/2018, QUARTA-FEIRA, PÁGINA a17",https://acervo.estadao.com.br/pagina/#!/20181107-45676-nac-16-mrt-a17-not/busca/Nascimento,https://acervo.estadao.com.br/procura/busca.php?&busca=Carlos+Nascimento&decade=2010%7C2010&page=359
estadao,Carlos Fernando da Costa Almeida de Paiva Nascimento,Carlos+Nascimento,359,"07/11/2018, QUARTA-FEIRA, PÁGINA a17",https://acervo.estadao.com.br/pagina/#!/20181107-45676-spo-16-mrt-a17-not/busca/Nascimento,https://acervo.estadao.com.br/procura/busca.php?&busca=Carlos+Nascimento&decade=2010%7C2010&page=359
estadao,Carlos Fernando da Costa Almeida de Paiva Nascimento,Carlos+Nascimento,359,"27/11/2018, TERÇA-FEIRA, PÁGINA b8",https://acervo.estadao.com.br/pagina/#!/20181127-45696-spo-25-eco-b8-not/busca/Nascimento,https://acervo.estadao.com.br/procura/busca.php?&busca=Carlos+Nascimento&decade=2010%7C2010&page=359
estadao,Carlos Fernando da Costa Almeida de Paiva Nascimento,Carlos+Nascimento,359,"27/11/2018, TERÇA-FEIRA, PÁGINA b8",https://acervo.estadao.com.br/pagina/#!/20181127-45696-nac-25-eco-b8-not/busca/Nascimento,https://acervo.estadao.com.br/procura/busca.php?&busca=Carlos+Nascimento&decade=2010%7C2010&page=359
estadao,Carlos Fernando da Costa Almeida de Paiva Nascimento,Carlos+Nascimento,360,"31/01/2019, QUINTA-FEIRA, PÁGINA a2",https://acervo.estadao.com.br/pagina/#!/20190131-45761-nac-2-opi-a2-not/busca/nascimento,https://acervo.estadao.com.br/procura/busca.php?&busca=Carlos+Nascimento&decade=2010%7C2010&page=360
estadao,Carlos Fernando da Costa Almeida de Paiva Nascimento,Carlos+Nascimento,360,"31/01/2019, QUINTA-FEIRA, PÁGINA a2",https://acervo.estadao.com.br/pagina/#!/20190131-45761-spo-2-opi-a2-not/busca/nascimento,https://acervo.estadao.com.br/procura/busca.php?&busca=Carlos+Nascimento&decade=2010%7C2010&page=360
estadao,Carlos Fernando da Costa Almeida de Paiva Nascimento,Carlos+Nascimento,360,"26/09/2018, QUARTA-FEIRA, PÁGINA b11",https://acervo.estadao.com.br/pagina/#!/20180926-45634-spo-29-eco-b11-not/busca/NASCIMENTO,https://acervo.estadao.com.br/procura/busca.php?&busca=Carlos+Nascimento&decade=2010%7C2010&page=360
estadao,Carlos Fernando da Costa Almeida de Paiva Nascimento,Carlos+Nascimento,360,"26/09/2018, QUARTA-FEIRA, PÁGINA b11",https://acervo.estadao.com.br/pagina/#!/20180926-45634-nac-29-eco-b11-not/busca/NASCIMENTO,https://acervo.estadao.com.br/procura/busca.php?&busca=Carlos+Nascimento&decade=2010%7C2010&page=360
estadao,Carlos Fernando da Costa Almeida de Paiva Nascimento,Carlos+Nascimento,361,"05/08/2015, QUARTA-FEIRA, PÁGINA a2",https://acervo.estadao.com.br/pagina/#!/20150805-44486-spo-2-opi-a2-not/busca/NASCIMENTO,https://acervo.estadao.com.br/procura/busca.php?&busca=Carlos+Nascimento&decade=2010%7C2010&page=361
estadao,Carlos Fernando da Costa Almeida de Paiva Nascimento,Carlos+Nascimento,361,"24/02/2017, SEXTA-FEIRA, PÁGINA h18",https://acervo.estadao.com.br/pagina/#!/20170224-45055-spo-90-eco-h18-not/busca/Nascimento,https://acervo.estadao.com.br/procura/busca.php?&busca=Carlos+Nascimento&decade=2010%7C2010&page=361
estadao,Carlos Fernando da Costa Almeida de Paiva Nascimento,Carlos+Nascimento,361,"24/06/2015, QUARTA-FEIRA, PÁGINA b11",https://acervo.estadao.com.br/pagina/#!/20150624-44444-nac-31-eco-b11-not/busca/Nascimento,https://acervo.estadao.com.br/procura/busca.php?&busca=Carlos+Nascimento&decade=2010%7C2010&page=361
estadao,Carlos Fernando da Costa Almeida de Paiva Nascimento,Carlos+Nascimento,361,"24/06/2015, QUARTA-FEIRA, PÁGINA b11",https://acervo.estadao.com.br/pagina/#!/20150624-44444-spo-31-eco-b11-not/busca/Nascimento,https://acervo.estadao.com.br/procura/busca.php?&busca=Carlos+Nascimento&decade=2010%7C2010&page=361
estadao,Carlos Fernando da Costa Almeida de Paiva Nascimento,Carlos+Nascimento,362,"06/07/2015, SEGUNDA-FEIRA, PÁGINA b11",https://acervo.estadao.com.br/pagina/#!/20150706-44456-nac-27-eco-b11-not/busca/NASCIMENTO,https://acervo.estadao.com.br/procura/busca.php?&busca=Carlos+Nascimento&decade=2010%7C2010&page=362
estadao,Carlos Fernando da Costa Almeida de Paiva Nascimento,Carlos+Nascimento,362,"06/07/2015, SEGUNDA-FEIRA, PÁGINA b11",https://acervo.estadao.com.br/pagina/#!/20150706-44456-spo-27-eco-b11-not/busca/NASCIMENTO,https://acervo.estadao.com.br/procura/busca.php?&busca=Carlos+Nascimento&decade=2010%7C2010&page=362
estadao,Carlos Fernando da Costa Almeida de Paiva Nascimento,Carlos+Nascimento,362,"07/07/2015, TERÇA-FEIRA, PÁGINA b13",https://acervo.estadao.com.br/pagina/#!/20150707-44457-nac-27-eco-b13-not/busca/NASCIMENTO,https://acervo.estadao.com.br/procura/busca.php?&busca=Carlos+Nascimento&decade=2010%7C2010&page=362
estadao,Carlos Fernando da Costa Almeida de Paiva Nascimento,Carlos+Nascimento,362,"07/07/2015, TERÇA-FEIRA, PÁGINA b13",https://acervo.estadao.com.br/pagina/#!/20150707-44457-spo-27-eco-b13-not/busca/NASCIMENTO,https://acervo.estadao.com.br/procura/busca.php?&busca=Carlos+Nascimento&decade=2010%7C2010&page=362
estadao,Carlos Fernando da Costa Almeida de Paiva Nascimento,Carlos+Nascimento,362,"25/09/2016, DOMINGO, PÁGINA a26",https://acervo.estadao.com.br/pagina/#!/20160925-44903-spo-25-mrt-a26-not/busca/Nascimento,https://acervo.estadao.com.br/procura/busca.php?&busca=Carlos+Nascimento&decade=2010%7C2010&page=362
estadao,Carlos Fernando da Costa Almeida de Paiva Nascimento,Carlos+Nascimento,362,"27/03/2015, SEXTA-FEIRA, PÁGINA 77",https://acervo.estadao.com.br/pagina/#!/20150327-44355-spo-133-gui-77-not/busca/Nascimento,https://acervo.estadao.com.br/procura/busca.php?&busca=Carlos+Nascimento&decade=2010%7C2010&page=362
estadao,Carlos Fernando da Costa Almeida de Paiva Nascimento,Carlos+Nascimento,362,"23/09/2016, SEXTA-FEIRA, PÁGINA a18",https://acervo.estadao.com.br/pagina/#!/20160923-44901-spo-17-mrt-a18-not/busca/nascimento,https://acervo.estadao.com.br/procura/busca.php?&busca=Carlos+Nascimento&decade=2010%7C2010&page=362
estadao,Carlos Fernando da Costa Almeida de Paiva Nascimento,Carlos+Nascimento,362,"25/09/2016, DOMINGO, PÁGINA a26",https://acervo.estadao.com.br/pagina/#!/20160925-44903-nac-25-mrt-a26-not/busca/Nascimento,https://acervo.estadao.com.br/procura/busca.php?&busca=Carlos+Nascimento&decade=2010%7C2010&page=362
estadao,Carlos Fernando da Costa Almeida de Paiva Nascimento,Carlos+Nascimento,363,"07/07/2015, TERÇA-FEIRA, PÁGINA b13",https://acervo.estadao.com.br/pagina/#!/20150707-44457-spo-26-eco-b13-not/busca/NASCIMENTO,https://acervo.estadao.com.br/procura/busca.php?&busca=Carlos+Nascimento&decade=2010%7C2010&page=363
estadao,Carlos Fernando da Costa Almeida de Paiva Nascimento,Carlos+Nascimento,363,"07/07/2015, TERÇA-FEIRA, PÁGINA b13",https://acervo.estadao.com.br/pagina/#!/20150707-44457-nac-26-eco-b13-not/busca/NASCIMENTO,https://acervo.estadao.com.br/procura/busca.php?&busca=Carlos+Nascimento&decade=2010%7C2010&page=363
estadao,Carlos Fernando da Costa Almeida de Paiva Nascimento,Carlos+Nascimento,363,"21/06/2015, DOMINGO, PÁGINA d8",https://acervo.estadao.com.br/pagina/#!/20150621-44441-nac-102-esp-d8-not/busca/Nascimento,https://acervo.estadao.com.br/procura/busca.php?&busca=Carlos+Nascimento&decade=2010%7C2010&page=363
estadao,Carlos Fernando da Costa Almeida de Paiva Nascimento,Carlos+Nascimento,364,"25/10/2017, QUARTA-FEIRA, PÁGINA c5",https://acervo.estadao.com.br/pagina/#!/20171025-45298-nac-43-cd2-c5-not/busca/Nascimento,https://acervo.estadao.com.br/procura/busca.php?&busca=Carlos+Nascimento&decade=2010%7C2010&page=364
estadao,Carlos Fernando da Costa Almeida de Paiva Nascimento,Carlos+Nascimento,364,"25/10/2017, QUARTA-FEIRA, PÁGINA c5",https://acervo.estadao.com.br/pagina/#!/20171025-45298-spo-43-cd2-c5-not/busca/Nascimento,https://acervo.estadao.com.br/procura/busca.php?&busca=Carlos+Nascimento&decade=2010%7C2010&page=364
estadao,Carlos Fernando da Costa Almeida de Paiva Nascimento,Carlos+Nascimento,364,"05/09/2017, TERÇA-FEIRA, PÁGINA a2",https://acervo.estadao.com.br/pagina/#!/20170905-45248-spo-2-opi-a2-not/busca/NASCIMENTO,https://acervo.estadao.com.br/procura/busca.php?&busca=Carlos+Nascimento&decade=2010%7C2010&page=364
estadao,Carlos Fernando da Costa Almeida de Paiva Nascimento,Carlos+Nascimento,364,"09/12/2018, DOMINGO, PÁGINA a12",https://acervo.estadao.com.br/pagina/#!/20181209-45708-nac-12-pol-a12-not/busca/nascimento,https://acervo.estadao.com.br/procura/busca.php?&busca=Carlos+Nascimento&decade=2010%7C2010&page=364
estadao,Carlos Fernando da Costa Almeida de Paiva Nascimento,Carlos+Nascimento,364,"09/12/2018, DOMINGO, PÁGINA a12",https://acervo.estadao.com.br/pagina/#!/20181209-45708-spo-12-pol-a12-not/busca/nascimento,https://acervo.estadao.com.br/procura/busca.php?&busca=Carlos+Nascimento&decade=2010%7C2010&page=364
estadao,Carlos Fernando da Costa Almeida de Paiva Nascimento,Carlos+Nascimento,364,"13/12/2018, QUINTA-FEIRA, PÁGINA b12",https://acervo.estadao.com.br/pagina/#!/20181213-45712-spo-38-eco-b12-not/busca/nascimento,https://acervo.estadao.com.br/procura/busca.php?&busca=Carlos+Nascimento&decade=2010%7C2010&page=364
estadao,Carlos Fernando da Costa Almeida de Paiva Nascimento,Carlos+Nascimento,364,"13/12/2018, QUINTA-FEIRA, PÁGINA b12",https://acervo.estadao.com.br/pagina/#!/20181213-45712-nac-38-eco-b12-not/busca/nascimento,https://acervo.estadao.com.br/procura/busca.php?&busca=Carlos+Nascimento&decade=2010%7C2010&page=364
estadao,Carlos Fernando da Costa Almeida de Paiva Nascimento,Carlos+Nascimento,364,"22/06/2019, SÁBADO, PÁGINA c5",https://acervo.estadao.com.br/pagina/#!/20190622-45903-spo-27-cd2-c5-not/busca/nascimento,https://acervo.estadao.com.br/procura/busca.php?&busca=Carlos+Nascimento&decade=2010%7C2010&page=364
estadao,Carlos Fernando da Costa Almeida de Paiva Nascimento,Carlos+Nascimento,364,"22/06/2019, SÁBADO, PÁGINA c5",https://acervo.estadao.com.br/pagina/#!/20190622-45903-nac-27-cd2-c5-not/busca/nascimento,https://acervo.estadao.com.br/procura/busca.php?&busca=Carlos+Nascimento&decade=2010%7C2010&page=364
estadao,Carlos Fernando da Costa Almeida de Paiva Nascimento,Carlos+Nascimento,365,"30/08/2019, SEXTA-FEIRA, PÁGINA q34",https://acervo.estadao.com.br/pagina/#!/20190830-45972-nac-92-gui-q34-not/busca/nascimento,https://acervo.estadao.com.br/procura/busca.php?&busca=Carlos+Nascimento&decade=2010%7C2010&page=365
estadao,Carlos Fernando da Costa Almeida de Paiva Nascimento,Carlos+Nascimento,365,"30/08/2019, SEXTA-FEIRA, PÁGINA q34",https://acervo.estadao.com.br/pagina/#!/20190830-45972-spo-98-gui-q34-not/busca/nascimento,https://acervo.estadao.com.br/procura/busca.php?&busca=Carlos+Nascimento&decade=2010%7C2010&page=365
estadao,Carlos Fernando da Costa Almeida de Paiva Nascimento,Carlos+Nascimento,365,"14/06/2019, SEXTA-FEIRA, PÁGINA q29",https://acervo.estadao.com.br/pagina/#!/20190614-45895-nac-72-gui-q29-not/busca/Nascimento,https://acervo.estadao.com.br/procura/busca.php?&busca=Carlos+Nascimento&decade=2010%7C2010&page=365
estadao,Carlos Fernando da Costa Almeida de Paiva Nascimento,Carlos+Nascimento,365,"14/06/2019, SEXTA-FEIRA, PÁGINA q29",https://acervo.estadao.com.br/pagina/#!/20190614-45895-spo-74-gui-q29-not/busca/Nascimento,https://acervo.estadao.com.br/procura/busca.php?&busca=Carlos+Nascimento&decade=2010%7C2010&page=365
estadao,Carlos Fernando da Costa Almeida de Paiva Nascimento,Carlos+Nascimento,365,"06/06/2019, QUINTA-FEIRA, PÁGINA b6",https://acervo.estadao.com.br/pagina/#!/20190606-45887-spo-30-eco-b6-not/busca/Nascimento,https://acervo.estadao.com.br/procura/busca.php?&busca=Carlos+Nascimento&decade=2010%7C2010&page=365
estadao,Carlos Fernando da Costa Almeida de Paiva Nascimento,Carlos+Nascimento,365,"18/06/2019, TERÇA-FEIRA, PÁGINA b9",https://acervo.estadao.com.br/pagina/#!/20190618-45899-nac-28-eco-b9-not/busca/Nascimento,https://acervo.estadao.com.br/procura/busca.php?&busca=Carlos+Nascimento&decade=2010%7C2010&page=365
estadao,Carlos Fernando da Costa Almeida de Paiva Nascimento,Carlos+Nascimento,365,"18/06/2019, TERÇA-FEIRA, PÁGINA b9",https://acervo.estadao.com.br/pagina/#!/20190618-45899-spo-28-eco-b9-not/busca/Nascimento,https://acervo.estadao.com.br/procura/busca.php?&busca=Carlos+Nascimento&decade=2010%7C2010&page=365
estadao,Carlos Fernando da Costa Almeida de Paiva Nascimento,Carlos+Nascimento,365,"17/08/2018, SEXTA-FEIRA, PÁGINA b6",https://acervo.estadao.com.br/pagina/#!/20180817-45594-spo-25-eco-b6-not/busca/NASCIMENTO,https://acervo.estadao.com.br/procura/busca.php?&busca=Carlos+Nascimento&decade=2010%7C2010&page=365
estadao,Carlos Fernando da Costa Almeida de Paiva Nascimento,Carlos+Nascimento,365,"17/08/2018, SEXTA-FEIRA, PÁGINA b6",https://acervo.estadao.com.br/pagina/#!/20180817-45594-nac-25-eco-b6-not/busca/NASCIMENTO,https://acervo.estadao.com.br/procura/busca.php?&busca=Carlos+Nascimento&decade=2010%7C2010&page=365
estadao,Carlos Fernando da Costa Almeida de Paiva Nascimento,Carlos+Nascimento,365,"29/06/2019, SÁBADO, PÁGINA a22",https://acervo.estadao.com.br/pagina/#!/20190629-45910-nac-21-mrt-a22-not/busca/Nascimento,https://acervo.estadao.com.br/procura/busca.php?&busca=Carlos+Nascimento&decade=2010%7C2010&page=365
estadao,Carlos Fernando da Costa Almeida de Paiva Nascimento,Carlos+Nascimento,366,"22/08/2019, QUINTA-FEIRA, PÁGINA b6",https://acervo.estadao.com.br/pagina/#!/20190822-45964-spo-28-eco-b6-not/busca/Nascimento,https://acervo.estadao.com.br/procura/busca.php?&busca=Carlos+Nascimento&decade=2010%7C2010&page=366
estadao,Carlos Fernando da Costa Almeida de Paiva Nascimento,Carlos+Nascimento,366,"31/08/2019, SÁBADO, PÁGINA a3",https://acervo.estadao.com.br/pagina/#!/20190831-45973-spo-3-edi-a3-not/busca/nascimento,https://acervo.estadao.com.br/procura/busca.php?&busca=Carlos+Nascimento&decade=2010%7C2010&page=366
estadao,Carlos Fernando da Costa Almeida de Paiva Nascimento,Carlos+Nascimento,366,"31/08/2019, SÁBADO, PÁGINA a3",https://acervo.estadao.com.br/pagina/#!/20190831-45973-nac-3-edi-a3-not/busca/nascimento,https://acervo.estadao.com.br/procura/busca.php?&busca=Carlos+Nascimento&decade=2010%7C2010&page=366
estadao,Carlos Fernando da Costa Almeida de Paiva Nascimento,Carlos+Nascimento,366,"25/09/2019, QUARTA-FEIRA, PÁGINA c6",https://acervo.estadao.com.br/pagina/#!/20190925-45998-spo-36-cd2-c6-not/busca/nascimento,https://acervo.estadao.com.br/procura/busca.php?&busca=Carlos+Nascimento&decade=2010%7C2010&page=366
estadao,Carlos Fernando da Costa Almeida de Paiva Nascimento,Carlos+Nascimento,366,"25/09/2019, QUARTA-FEIRA, PÁGINA c6",https://acervo.estadao.com.br/pagina/#!/20190925-45998-nac-36-cd2-c6-not/busca/nascimento,https://acervo.estadao.com.br/procura/busca.php?&busca=Carlos+Nascimento&decade=2010%7C2010&page=366
estadao,Carlos Fernando da Costa Almeida de Paiva Nascimento,Carlos+Nascimento,366,"28/09/2019, SÁBADO, PÁGINA c5",https://acervo.estadao.com.br/pagina/#!/20190928-46001-spo-52-cd2-c5-not/busca/Nascimento,https://acervo.estadao.com.br/procura/busca.php?&busca=Carlos+Nascimento&decade=2010%7C2010&page=366
estadao,Carlos Fernando da Costa Almeida de Paiva Nascimento,Carlos+Nascimento,366,"28/09/2019, SÁBADO, PÁGINA c5",https://acervo.estadao.com.br/pagina/#!/20190928-46001-nac-52-cd2-c5-not/busca/Nascimento,https://acervo.estadao.com.br/procura/busca.php?&busca=Carlos+Nascimento&decade=2010%7C2010&page=366
estadao,Carlos Fernando da Costa Almeida de Paiva Nascimento,Carlos+Nascimento,366,"12/10/2019, SÁBADO, PÁGINA c2",https://acervo.estadao.com.br/pagina/#!/20191012-46015-nac-48-cd2-c2-not/busca/NASCIMENTO,https://acervo.estadao.com.br/procura/busca.php?&busca=Carlos+Nascimento&decade=2010%7C2010&page=366
estadao,Carlos Fernando da Costa Almeida de Paiva Nascimento,Carlos+Nascimento,366,"12/10/2019, SÁBADO, PÁGINA c2",https://acervo.estadao.com.br/pagina/#!/20191012-46015-spo-48-cd2-c2-not/busca/NASCIMENTO,https://acervo.estadao.com.br/procura/busca.php?&busca=Carlos+Nascimento&decade=2010%7C2010&page=366
estadao,Carlos Fernando da Costa Almeida de Paiva Nascimento,Carlos+Nascimento,366,"18/09/2019, QUARTA-FEIRA, PÁGINA a6",https://acervo.estadao.com.br/pagina/#!/20190918-45991-spo-6-pol-a6-not/busca/Nascimento,https://acervo.estadao.com.br/procura/busca.php?&busca=Carlos+Nascimento&decade=2010%7C2010&page=366
estadao,Carlos Fernando da Costa Almeida de Paiva Nascimento,Carlos+Nascimento,367,"18/09/2019, QUARTA-FEIRA, PÁGINA a6",https://acervo.estadao.com.br/pagina/#!/20190918-45991-nac-6-pol-a6-not/busca/Nascimento,https://acervo.estadao.com.br/procura/busca.php?&busca=Carlos+Nascimento&decade=2010%7C2010&page=367
estadao,Carlos Fernando da Costa Almeida de Paiva Nascimento,Carlos+Nascimento,367,"03/10/2019, QUINTA-FEIRA, PÁGINA c5",https://acervo.estadao.com.br/pagina/#!/20191003-46006-spo-41-cd2-c5-not/busca/Nascimento,https://acervo.estadao.com.br/procura/busca.php?&busca=Carlos+Nascimento&decade=2010%7C2010&page=367
estadao,Carlos Fernando da Costa Almeida de Paiva Nascimento,Carlos+Nascimento,367,"03/10/2019, QUINTA-FEIRA, PÁGINA c5",https://acervo.estadao.com.br/pagina/#!/20191003-46006-nac-40-cd2-c5-not/busca/Nascimento,https://acervo.estadao.com.br/procura/busca.php?&busca=Carlos+Nascimento&decade=2010%7C2010&page=367
estadao,Carlos Fernando da Costa Almeida de Paiva Nascimento,Carlos+Nascimento,367,"05/10/2019, SÁBADO, PÁGINA b4",https://acervo.estadao.com.br/pagina/#!/20191005-46008-spo-33-eco-b4-not/busca/nascimento,https://acervo.estadao.com.br/procura/busca.php?&busca=Carlos+Nascimento&decade=2010%7C2010&page=367
estadao,Carlos Fernando da Costa Almeida de Paiva Nascimento,Carlos+Nascimento,367,"05/10/2019, SÁBADO, PÁGINA b4",https://acervo.estadao.com.br/pagina/#!/20191005-46008-nac-33-eco-b4-not/busca/nascimento,https://acervo.estadao.com.br/procura/busca.php?&busca=Carlos+Nascimento&decade=2010%7C2010&page=367
estadao,Carlos Fernando da Costa Almeida de Paiva Nascimento,Carlos+Nascimento,367,"28/02/2019, QUINTA-FEIRA, PÁGINA y6",https://acervo.estadao.com.br/pagina/#!/20190228-45789-spo-76-eco-y6-not/busca/Nascimento,https://acervo.estadao.com.br/procura/busca.php?&busca=Carlos+Nascimento&decade=2010%7C2010&page=367
estadao,Carlos Fernando da Costa Almeida de Paiva Nascimento,Carlos+Nascimento,367,"07/04/2019, DOMINGO, PÁGINA a4",https://acervo.estadao.com.br/pagina/#!/20190407-45827-spo-4-pol-a4-not/busca/Nascimento,https://acervo.estadao.com.br/procura/busca.php?&busca=Carlos+Nascimento&decade=2010%7C2010&page=367
estadao,Carlos Fernando da Costa Almeida de Paiva Nascimento,Carlos+Nascimento,367,"07/04/2019, DOMINGO, PÁGINA a4",https://acervo.estadao.com.br/pagina/#!/20190407-45827-nac-4-pol-a4-not/busca/Nascimento,https://acervo.estadao.com.br/procura/busca.php?&busca=Carlos+Nascimento&decade=2010%7C2010&page=367
estadao,Carlos Fernando da Costa Almeida de Paiva Nascimento,Carlos+Nascimento,367,"28/03/2019, QUINTA-FEIRA, PÁGINA a3",https://acervo.estadao.com.br/pagina/#!/20190328-45817-nac-3-edi-a3-not/busca/Nascimento,https://acervo.estadao.com.br/procura/busca.php?&busca=Carlos+Nascimento&decade=2010%7C2010&page=367
estadao,Carlos Fernando da Costa Almeida de Paiva Nascimento,Carlos+Nascimento,367,"28/03/2019, QUINTA-FEIRA, PÁGINA a3",https://acervo.estadao.com.br/pagina/#!/20190328-45817-spo-3-edi-a3-not/busca/Nascimento,https://acervo.estadao.com.br/procura/busca.php?&busca=Carlos+Nascimento&decade=2010%7C2010&page=367
estadao,Carlos Fernando da Costa Almeida de Paiva Nascimento,Carlos+Nascimento,368,"26/04/2019, SEXTA-FEIRA, PÁGINA q38",https://acervo.estadao.com.br/pagina/#!/20190426-45846-spo-80-gui-q38-not/busca/Nascimento,https://acervo.estadao.com.br/procura/busca.php?&busca=Carlos+Nascimento&decade=2010%7C2010&page=368
estadao,Carlos Fernando da Costa Almeida de Paiva Nascimento,Carlos+Nascimento,368,"26/04/2019, SEXTA-FEIRA, PÁGINA q38",https://acervo.estadao.com.br/pagina/#!/20190426-45846-nac-78-gui-q38-not/busca/Nascimento,https://acervo.estadao.com.br/procura/busca.php?&busca=Carlos+Nascimento&decade=2010%7C2010&page=368
estadao,Carlos Fernando da Costa Almeida de Paiva Nascimento,Carlos+Nascimento,368,"15/05/2019, QUARTA-FEIRA, PÁGINA a3",https://acervo.estadao.com.br/pagina/#!/20190515-45865-spo-3-edi-a3-not/busca/Nascimento,https://acervo.estadao.com.br/procura/busca.php?&busca=Carlos+Nascimento&decade=2010%7C2010&page=368
estadao,Carlos Fernando da Costa Almeida de Paiva Nascimento,Carlos+Nascimento,368,"15/05/2019, QUARTA-FEIRA, PÁGINA a3",https://acervo.estadao.com.br/pagina/#!/20190515-45865-nac-3-edi-a3-not/busca/Nascimento,https://acervo.estadao.com.br/procura/busca.php?&busca=Carlos+Nascimento&decade=2010%7C2010&page=368
estadao,Carlos Fernando da Costa Almeida de Paiva Nascimento,Carlos+Nascimento,368,"07/03/2019, QUINTA-FEIRA, PÁGINA a15",https://acervo.estadao.com.br/pagina/#!/20190307-45796-nac-15-mrt-a15-not/busca/Nascimento,https://acervo.estadao.com.br/procura/busca.php?&busca=Carlos+Nascimento&decade=2010%7C2010&page=368
estadao,Carlos Fernando da Costa Almeida de Paiva Nascimento,Carlos+Nascimento,368,"19/04/2019, SEXTA-FEIRA, PÁGINA q35",https://acervo.estadao.com.br/pagina/#!/20190419-45839-nac-63-gui-q35-not/busca/Nascimento,https://acervo.estadao.com.br/procura/busca.php?&busca=Carlos+Nascimento&decade=2010%7C2010&page=368
estadao,Carlos Fernando da Costa Almeida de Paiva Nascimento,Carlos+Nascimento,368,"19/04/2019, SEXTA-FEIRA, PÁGINA q35",https://acervo.estadao.com.br/pagina/#!/20190419-45839-spo-63-gui-q35-not/busca/Nascimento,https://acervo.estadao.com.br/procura/busca.php?&busca=Carlos+Nascimento&decade=2010%7C2010&page=368
estadao,Carlos Fernando da Costa Almeida de Paiva Nascimento,Carlos+Nascimento,368,"30/10/2019, QUARTA-FEIRA, PÁGINA c5",https://acervo.estadao.com.br/pagina/#!/20191030-46033-nac-38-cd2-c5-not/busca/nascimento,https://acervo.estadao.com.br/procura/busca.php?&busca=Carlos+Nascimento&decade=2010%7C2010&page=368
estadao,Carlos Fernando da Costa Almeida de Paiva Nascimento,Carlos+Nascimento,368,"30/10/2019, QUARTA-FEIRA, PÁGINA c5",https://acervo.estadao.com.br/pagina/#!/20191030-46033-spo-38-cd2-c5-not/busca/nascimento,https://acervo.estadao.com.br/procura/busca.php?&busca=Carlos+Nascimento&decade=2010%7C2010&page=368
estadao,Carlos Fernando da Costa Almeida de Paiva Nascimento,Carlos+Nascimento,368,"14/11/2019, QUINTA-FEIRA, PÁGINA a12",https://acervo.estadao.com.br/pagina/#!/20191114-46048-spo-12-pol-a12-not/busca/NASCIMENTO,https://acervo.estadao.com.br/procura/busca.php?&busca=Carlos+Nascimento&decade=2010%7C2010&page=368
estadao,Carlos Fernando da Costa Almeida de Paiva Nascimento,Carlos+Nascimento,369,"06/07/2019, SÁBADO, PÁGINA b7",https://acervo.estadao.com.br/pagina/#!/20190706-45917-spo-30-eco-b7-not,https://acervo.estadao.com.br/procura/busca.php?&busca=Carlos+Nascimento&decade=2010%7C2010&page=369
estadao,Carlos Fernando da Costa Almeida de Paiva Nascimento,Carlos+Nascimento,369,"06/07/2019, SÁBADO, PÁGINA b7",https://acervo.estadao.com.br/pagina/#!/20190706-45917-nac-30-eco-b7-not,https://acervo.estadao.com.br/procura/busca.php?&busca=Carlos+Nascimento&decade=2010%7C2010&page=369
estadao,Carlos Fernando da Costa Almeida de Paiva Nascimento,Carlos+Nascimento,369,"01/07/2019, SEGUNDA-FEIRA, PÁGINA c3",https://acervo.estadao.com.br/pagina/#!/20190701-45912-nac-33-cd2-c3-not/busca/Nascimento,https://acervo.estadao.com.br/procura/busca.php?&busca=Carlos+Nascimento&decade=2010%7C2010&page=369
estadao,Carlos Fernando da Costa Almeida de Paiva Nascimento,Carlos+Nascimento,369,"01/07/2019, SEGUNDA-FEIRA, PÁGINA c3",https://acervo.estadao.com.br/pagina/#!/20190701-45912-spo-33-cd2-c3-not/busca/Nascimento,https://acervo.estadao.com.br/procura/busca.php?&busca=Carlos+Nascimento&decade=2010%7C2010&page=369
estadao,Carlos Fernando da Costa Almeida de Paiva Nascimento,Carlos+Nascimento,369,"14/11/2019, QUINTA-FEIRA, PÁGINA a12",https://acervo.estadao.com.br/pagina/#!/20191114-46048-nac-12-pol-a12-not/busca/NASCIMENTO,https://acervo.estadao.com.br/procura/busca.php?&busca=Carlos+Nascimento&decade=2010%7C2010&page=369
estadao,Carlos Fernando da Costa Almeida de Paiva Nascimento,Carlos+Nascimento,370,"13/11/2019, QUARTA-FEIRA, PÁGINA b3",https://acervo.estadao.com.br/pagina/#!/20191113-46047-spo-25-eco-b3-not/busca/NASCIMENTO,https://acervo.estadao.com.br/procura/busca.php?&busca=Carlos+Nascimento&decade=2010%7C2010&page=370
estadao,Carlos Fernando da Costa Almeida de Paiva Nascimento,Carlos+Nascimento,370,"13/11/2019, QUARTA-FEIRA, PÁGINA b3",https://acervo.estadao.com.br/pagina/#!/20191113-46047-nac-25-eco-b3-not/busca/NASCIMENTO,https://acervo.estadao.com.br/procura/busca.php?&busca=Carlos+Nascimento&decade=2010%7C2010&page=370
estadao,Carlos Fernando da Costa Almeida de Paiva Nascimento,Carlos+Nascimento,370,"21/10/2019, SEGUNDA-FEIRA, PÁGINA a2",https://acervo.estadao.com.br/pagina/#!/20191021-46024-nac-2-opi-a2-not/busca/nascimento,https://acervo.estadao.com.br/procura/busca.php?&busca=Carlos+Nascimento&decade=2010%7C2010&page=370
estadao,Carlos Fernando da Costa Almeida de Paiva Nascimento,Carlos+Nascimento,370,"21/10/2019, SEGUNDA-FEIRA, PÁGINA a2",https://acervo.estadao.com.br/pagina/#!/20191021-46024-spo-2-opi-a2-not/busca/nascimento,https://acervo.estadao.com.br/procura/busca.php?&busca=Carlos+Nascimento&decade=2010%7C2010&page=370
estadao,Carlos Fernando da Costa Almeida de Paiva Nascimento,Carlos+Nascimento,370,"20/11/2019, QUARTA-FEIRA, PÁGINA c3",https://acervo.estadao.com.br/pagina/#!/20191120-46054-spo-45-cd2-c3-not/busca/nascimento,https://acervo.estadao.com.br/procura/busca.php?&busca=Carlos+Nascimento&decade=2010%7C2010&page=370
estadao,Carlos Fernando da Costa Almeida de Paiva Nascimento,Carlos+Nascimento,370,"20/11/2019, QUARTA-FEIRA, PÁGINA c3",https://acervo.estadao.com.br/pagina/#!/20191120-46054-nac-45-cd2-c3-not/busca/nascimento,https://acervo.estadao.com.br/procura/busca.php?&busca=Carlos+Nascimento&decade=2010%7C2010&page=370
estadao,Carlos Fernando da Costa Almeida de Paiva Nascimento,Carlos+Nascimento,370,"21/11/2019, QUINTA-FEIRA, PÁGINA a10",https://acervo.estadao.com.br/pagina/#!/20191121-46055-nac-10-pol-a10-not/busca/Nascimento,https://acervo.estadao.com.br/procura/busca.php?&busca=Carlos+Nascimento&decade=2010%7C2010&page=370
estadao,Carlos Fernando da Costa Almeida de Paiva Nascimento,Carlos+Nascimento,370,"21/11/2019, QUINTA-FEIRA, PÁGINA a10",https://acervo.estadao.com.br/pagina/#!/20191121-46055-spo-10-pol-a10-not/busca/Nascimento,https://acervo.estadao.com.br/procura/busca.php?&busca=Carlos+Nascimento&decade=2010%7C2010&page=370
estadao,Carlos Fernando da Costa Almeida de Paiva Nascimento,Carlos+Nascimento,370,"19/11/2019, TERÇA-FEIRA, PÁGINA c2",https://acervo.estadao.com.br/pagina/#!/20191119-46053-spo-30-cd2-c2-not/busca/nascimento,https://acervo.estadao.com.br/procura/busca.php?&busca=Carlos+Nascimento&decade=2010%7C2010&page=370
estadao,Carlos Fernando da Costa Almeida de Paiva Nascimento,Carlos+Nascimento,370,"19/11/2019, TERÇA-FEIRA, PÁGINA c2",https://acervo.estadao.com.br/pagina/#!/20191119-46053-nac-30-cd2-c2-not/busca/nascimento,https://acervo.estadao.com.br/procura/busca.php?&busca=Carlos+Nascimento&decade=2010%7C2010&page=370
estadao,Carlos Fernando da Costa Almeida de Paiva Nascimento,Carlos+Nascimento,371,"29/11/2019, SEXTA-FEIRA, PÁGINA c5",https://acervo.estadao.com.br/pagina/#!/20191129-46063-nac-39-cd2-c5-not/busca/Nascimento,https://acervo.estadao.com.br/procura/busca.php?&busca=Carlos+Nascimento&decade=2010%7C2010&page=371
estadao,Carlos Fernando da Costa Almeida de Paiva Nascimento,Carlos+Nascimento,371,"29/11/2019, SEXTA-FEIRA, PÁGINA c5",https://acervo.estadao.com.br/pagina/#!/20191129-46063-spo-39-cd2-c5-not/busca/Nascimento,https://acervo.estadao.com.br/procura/busca.php?&busca=Carlos+Nascimento&decade=2010%7C2010&page=371
estadao,Carlos Fernando da Costa Almeida de Paiva Nascimento,Carlos+Nascimento,371,"02/12/2019, SEGUNDA-FEIRA, PÁGINA b9",https://acervo.estadao.com.br/pagina/#!/20191202-46066-spo-29-eco-b9-not/busca/Nascimento,https://acervo.estadao.com.br/procura/busca.php?&busca=Carlos+Nascimento&decade=2010%7C2010&page=371
estadao,Carlos Fernando da Costa Almeida de Paiva Nascimento,Carlos+Nascimento,371,"02/12/2019, SEGUNDA-FEIRA, PÁGINA b9",https://acervo.estadao.com.br/pagina/#!/20191202-46066-nac-29-eco-b9-not/busca/Nascimento,https://acervo.estadao.com.br/procura/busca.php?&busca=Carlos+Nascimento&decade=2010%7C2010&page=371
estadao,Carlos Fernando da Costa Almeida de Paiva Nascimento,Carlos+Nascimento,372,"03/06/2010, QUINTA-FEIRA, PÁGINA co4",https://acervo.estadao.com.br/pagina/#!/20100603-42597-nac-97-opr-co4-not/busca/Nascimento,https://acervo.estadao.com.br/procura/busca.php?&busca=Carlos+Nascimento&decade=2010%7C2010&page=372
estadao,Carlos Fernando da Costa Almeida de Paiva Nascimento,Carlos+Nascimento,372,"03/06/2010, QUINTA-FEIRA, PÁGINA co4",https://acervo.estadao.com.br/pagina/#!/20100603-42597-spo-102-opr-co4-not/busca/Nascimento,https://acervo.estadao.com.br/procura/busca.php?&busca=Carlos+Nascimento&decade=2010%7C2010&page=372
estadao,Carlos Fernando da Costa Almeida de Paiva Nascimento,Carlos+Nascimento,372,"03/06/2010, QUINTA-FEIRA, PÁGINA c6",https://acervo.estadao.com.br/pagina/#!/20100603-42597-spo-40-cid-c6-not/busca/Nascimento,https://acervo.estadao.com.br/procura/busca.php?&busca=Carlos+Nascimento&decade=2010%7C2010&page=372
estadao,Carlos Fernando da Costa Almeida de Paiva Nascimento,Carlos+Nascimento,372,"10/03/2010, QUARTA-FEIRA, PÁGINA d7",https://acervo.estadao.com.br/pagina/#!/20100310-42512-nac-48-cd2-d7-not/busca/nascimento,https://acervo.estadao.com.br/procura/busca.php?&busca=Carlos+Nascimento&decade=2010%7C2010&page=372
estadao,Carlos Fernando da Costa Almeida de Paiva Nascimento,Carlos+Nascimento,372,"16/03/2010, TERÇA-FEIRA, PÁGINA c6",https://acervo.estadao.com.br/pagina/#!/20100316-42518-spo-40-cid-c6-not/busca/Nascimento,https://acervo.estadao.com.br/procura/busca.php?&busca=Carlos+Nascimento&decade=2010%7C2010&page=372
estadao,Carlos Fernando da Costa Almeida de Paiva Nascimento,Carlos+Nascimento,372,"09/12/2010, QUINTA-FEIRA, PÁGINA tam4",https://acervo.estadao.com.br/pagina/#!/20101209-42786-spo-116-epl-tam4-not/busca/Nascimento,https://acervo.estadao.com.br/procura/busca.php?&busca=Carlos+Nascimento&decade=2010%7C2010&page=372
estadao,Carlos Fernando da Costa Almeida de Paiva Nascimento,Carlos+Nascimento,372,"20/12/2010, SEGUNDA-FEIRA, PÁGINA d9",https://acervo.estadao.com.br/pagina/#!/20101220-42797-spo-48-cd2-d9-not/busca/Nascimento,https://acervo.estadao.com.br/procura/busca.php?&busca=Carlos+Nascimento&decade=2010%7C2010&page=372
estadao,Carlos Fernando da Costa Almeida de Paiva Nascimento,Carlos+Nascimento,372,"14/12/2010, TERÇA-FEIRA, PÁGINA a6",https://acervo.estadao.com.br/pagina/#!/20101214-42791-spo-6-pol-a6-not/busca/Nascimento,https://acervo.estadao.com.br/procura/busca.php?&busca=Carlos+Nascimento&decade=2010%7C2010&page=372
estadao,Carlos Fernando da Costa Almeida de Paiva Nascimento,Carlos+Nascimento,372,"04/08/2010, QUARTA-FEIRA, PÁGINA tam4",https://acervo.estadao.com.br/pagina/#!/20100804-42659-spo-77-epl-tam4-not/busca/nascimento,https://acervo.estadao.com.br/procura/busca.php?&busca=Carlos+Nascimento&decade=2010%7C2010&page=372
estadao,Carlos Fernando da Costa Almeida de Paiva Nascimento,Carlos+Nascimento,372,"19/12/2010, DOMINGO, PÁGINA c2",https://acervo.estadao.com.br/pagina/#!/20101219-42796-spo-49-cid-c2-not/busca/NASCIMENTO,https://acervo.estadao.com.br/procura/busca.php?&busca=Carlos+Nascimento&decade=2010%7C2010&page=372
estadao,Carlos Fernando da Costa Almeida de Paiva Nascimento,Carlos+Nascimento,373,"02/07/2018, SEGUNDA-FEIRA, PÁGINA c5",https://acervo.estadao.com.br/pagina/#!/20180702-45548-nac-27-cd2-c5-not/busca/Nascimento,https://acervo.estadao.com.br/procura/busca.php?&busca=Carlos+Nascimento&decade=2010%7C2010&page=373
estadao,Carlos Fernando da Costa Almeida de Paiva Nascimento,Carlos+Nascimento,373,"02/07/2018, SEGUNDA-FEIRA, PÁGINA c5",https://acervo.estadao.com.br/pagina/#!/20180702-45548-spo-27-cd2-c5-not/busca/Nascimento,https://acervo.estadao.com.br/procura/busca.php?&busca=Carlos+Nascimento&decade=2010%7C2010&page=373
estadao,Carlos Fernando da Costa Almeida de Paiva Nascimento,Carlos+Nascimento,373,"02/07/2018, SEGUNDA-FEIRA, PÁGINA c6",https://acervo.estadao.com.br/pagina/#!/20180702-45548-spo-28-cd2-c6-not/busca/Nascimento,https://acervo.estadao.com.br/procura/busca.php?&busca=Carlos+Nascimento&decade=2010%7C2010&page=373
estadao,Carlos Fernando da Costa Almeida de Paiva Nascimento,Carlos+Nascimento,373,"11/06/2018, SEGUNDA-FEIRA, PÁGINA g4",https://acervo.estadao.com.br/pagina/#!/20180611-45527-spo-42-esp-g4-not/busca/nascimento,https://acervo.estadao.com.br/procura/busca.php?&busca=Carlos+Nascimento&decade=2010%7C2010&page=373
estadao,Carlos Fernando da Costa Almeida de Paiva Nascimento,Carlos+Nascimento,373,"12/06/2018, TERÇA-FEIRA, PÁGINA a16",https://acervo.estadao.com.br/pagina/#!/20180612-45528-nac-16-mrt-a16-not/busca/Nascimento,https://acervo.estadao.com.br/procura/busca.php?&busca=Carlos+Nascimento&decade=2010%7C2010&page=373
estadao,Carlos Fernando da Costa Almeida de Paiva Nascimento,Carlos+Nascimento,373,"27/06/2018, QUARTA-FEIRA, PÁGINA a18",https://acervo.estadao.com.br/pagina/#!/20180627-45543-spo-17-mrt-a18-not/busca/Nascimento,https://acervo.estadao.com.br/procura/busca.php?&busca=Carlos+Nascimento&decade=2010%7C2010&page=373
estadao,Carlos Fernando da Costa Almeida de Paiva Nascimento,Carlos+Nascimento,373,"27/06/2018, QUARTA-FEIRA, PÁGINA a18",https://acervo.estadao.com.br/pagina/#!/20180627-45543-nac-17-mrt-a18-not/busca/Nascimento,https://acervo.estadao.com.br/procura/busca.php?&busca=Carlos+Nascimento&decade=2010%7C2010&page=373
estadao,Carlos Fernando da Costa Almeida de Paiva Nascimento,Carlos+Nascimento,373,"29/06/2018, SEXTA-FEIRA, PÁGINA a18",https://acervo.estadao.com.br/pagina/#!/20180629-45545-nac-18-mrt-a18-not/busca/Nascimento,https://acervo.estadao.com.br/procura/busca.php?&busca=Carlos+Nascimento&decade=2010%7C2010&page=373
estadao,Carlos Fernando da Costa Almeida de Paiva Nascimento,Carlos+Nascimento,373,"26/07/2015, DOMINGO, PÁGINA co07",https://acervo.estadao.com.br/pagina/#!/20150726-44476-spo-94-opr-co07-not/busca/Nascimento,https://acervo.estadao.com.br/procura/busca.php?&busca=Carlos+Nascimento&decade=2010%7C2010&page=373
estadao,Carlos Fernando da Costa Almeida de Paiva Nascimento,Carlos+Nascimento,373,"11/07/2018, QUARTA-FEIRA, PÁGINA c5",https://acervo.estadao.com.br/pagina/#!/20180711-45557-nac-29-cd2-c5-not/busca/Carlos+NASCIMENTO,https://acervo.estadao.com.br/procura/busca.php?&busca=Carlos+Nascimento&decade=2010%7C2010&page=373
estadao,Carlos Fernando da Costa Almeida de Paiva Nascimento,Carlos+Nascimento,374,"11/06/2010, SEXTA-FEIRA, PÁGINA c4",https://acervo.estadao.com.br/pagina/#!/20100611-42605-spo-40-cid-c4-not/busca/Nascimento,https://acervo.estadao.com.br/procura/busca.php?&busca=Carlos+Nascimento&decade=2010%7C2010&page=374
estadao,Carlos Fernando da Costa Almeida de Paiva Nascimento,Carlos+Nascimento,374,"21/06/2010, SEGUNDA-FEIRA, PÁGINA c5",https://acervo.estadao.com.br/pagina/#!/20100621-42615-spo-29-cid-c5-not/busca/Nascimento,https://acervo.estadao.com.br/procura/busca.php?&busca=Carlos+Nascimento&decade=2010%7C2010&page=374
estadao,Carlos Fernando da Costa Almeida de Paiva Nascimento,Carlos+Nascimento,374,"06/06/2010, DOMINGO, PÁGINA c6",https://acervo.estadao.com.br/pagina/#!/20100606-42600-nac-42-cid-c6-not/busca/nascimento,https://acervo.estadao.com.br/procura/busca.php?&busca=Carlos+Nascimento&decade=2010%7C2010&page=374
estadao,Carlos Fernando da Costa Almeida de Paiva Nascimento,Carlos+Nascimento,374,"17/06/2010, QUINTA-FEIRA, PÁGINA d7",https://acervo.estadao.com.br/pagina/#!/20100617-42611-spo-84-cd2-d7-not/busca/Nascimento,https://acervo.estadao.com.br/procura/busca.php?&busca=Carlos+Nascimento&decade=2010%7C2010&page=374
estadao,Carlos Fernando da Costa Almeida de Paiva Nascimento,Carlos+Nascimento,374,"13/04/2010, TERÇA-FEIRA, PÁGINA a17",https://acervo.estadao.com.br/pagina/#!/20100413-42546-spo-17-ger-a17-not/busca/nascimento,https://acervo.estadao.com.br/procura/busca.php?&busca=Carlos+Nascimento&decade=2010%7C2010&page=374
estadao,Carlos Fernando da Costa Almeida de Paiva Nascimento,Carlos+Nascimento,374,"20/04/2010, TERÇA-FEIRA, PÁGINA d4",https://acervo.estadao.com.br/pagina/#!/20100420-42553-nac-51-cd2-d4-not/busca/Nascimento,https://acervo.estadao.com.br/procura/busca.php?&busca=Carlos+Nascimento&decade=2010%7C2010&page=374
estadao,Carlos Fernando da Costa Almeida de Paiva Nascimento,Carlos+Nascimento,374,"11/08/2010, QUARTA-FEIRA, PÁGINA d14",https://acervo.estadao.com.br/pagina/#!/20100811-42666-spo-59-cd2-d14-not/busca/nascimento,https://acervo.estadao.com.br/procura/busca.php?&busca=Carlos+Nascimento&decade=2010%7C2010&page=374
estadao,Carlos Fernando da Costa Almeida de Paiva Nascimento,Carlos+Nascimento,374,"10/04/2010, SÁBADO, PÁGINA ci11",https://acervo.estadao.com.br/pagina/#!/20100410-42543-spo-82-imo-ci11-not/busca/Nascimento,https://acervo.estadao.com.br/procura/busca.php?&busca=Carlos+Nascimento&decade=2010%7C2010&page=374
estadao,Carlos Fernando da Costa Almeida de Paiva Nascimento,Carlos+Nascimento,374,"03/04/2010, SÁBADO, PÁGINA d6",https://acervo.estadao.com.br/pagina/#!/20100403-42536-nac-65-cd2-d6-not/busca/Nascimento,https://acervo.estadao.com.br/procura/busca.php?&busca=Carlos+Nascimento&decade=2010%7C2010&page=374
estadao,Carlos Fernando da Costa Almeida de Paiva Nascimento,Carlos+Nascimento,374,"08/04/2010, QUINTA-FEIRA, PÁGINA a2",https://acervo.estadao.com.br/pagina/#!/20100408-42541-spo-2-opi-a2-not/busca/NASCIMENTO,https://acervo.estadao.com.br/procura/busca.php?&busca=Carlos+Nascimento&decade=2010%7C2010&page=374
estadao,Carlos Fernando da Costa Almeida de Paiva Nascimento,Carlos+Nascimento,375,"09/06/2018, SÁBADO, PÁGINA a25",https://acervo.estadao.com.br/pagina/#!/20180609-45525-nac-24-esp-a25-not/busca/Nascimento,https://acervo.estadao.com.br/procura/busca.php?&busca=Carlos+Nascimento&decade=2010%7C2010&page=375
estadao,Carlos Fernando da Costa Almeida de Paiva Nascimento,Carlos+Nascimento,375,"09/06/2018, SÁBADO, PÁGINA a3",https://acervo.estadao.com.br/pagina/#!/20180609-45525-nac-3-edi-a3-not/busca/NASCIMENTO,https://acervo.estadao.com.br/procura/busca.php?&busca=Carlos+Nascimento&decade=2010%7C2010&page=375
estadao,Carlos Fernando da Costa Almeida de Paiva Nascimento,Carlos+Nascimento,375,"09/06/2018, SÁBADO, PÁGINA a25",https://acervo.estadao.com.br/pagina/#!/20180609-45525-spo-24-esp-a25-not/busca/Nascimento,https://acervo.estadao.com.br/procura/busca.php?&busca=Carlos+Nascimento&decade=2010%7C2010&page=375
estadao,Carlos Fernando da Costa Almeida de Paiva Nascimento,Carlos+Nascimento,375,"09/06/2018, SÁBADO, PÁGINA a3",https://acervo.estadao.com.br/pagina/#!/20180609-45525-spo-3-edi-a3-not/busca/NASCIMENTO,https://acervo.estadao.com.br/procura/busca.php?&busca=Carlos+Nascimento&decade=2010%7C2010&page=375
estadao,Carlos Fernando da Costa Almeida de Paiva Nascimento,Carlos+Nascimento,375,"05/05/2018, SÁBADO, PÁGINA c8",https://acervo.estadao.com.br/pagina/#!/20180505-45490-nac-48-cd2-c8-not/busca/nascimento,https://acervo.estadao.com.br/procura/busca.php?&busca=Carlos+Nascimento&decade=2010%7C2010&page=375
estadao,Carlos Fernando da Costa Almeida de Paiva Nascimento,Carlos+Nascimento,375,"05/05/2018, SÁBADO, PÁGINA a3",https://acervo.estadao.com.br/pagina/#!/20180505-45490-nac-3-edi-a3-not/busca/NASCIMENTO,https://acervo.estadao.com.br/procura/busca.php?&busca=Carlos+Nascimento&decade=2010%7C2010&page=375
estadao,Carlos Fernando da Costa Almeida de Paiva Nascimento,Carlos+Nascimento,375,"05/05/2018, SÁBADO, PÁGINA c8",https://acervo.estadao.com.br/pagina/#!/20180505-45490-spo-48-cd2-c8-not/busca/nascimento,https://acervo.estadao.com.br/procura/busca.php?&busca=Carlos+Nascimento&decade=2010%7C2010&page=375
estadao,Carlos Fernando da Costa Almeida de Paiva Nascimento,Carlos+Nascimento,375,"05/05/2018, SÁBADO, PÁGINA a3",https://acervo.estadao.com.br/pagina/#!/20180505-45490-spo-3-edi-a3-not/busca/NASCIMENTO,https://acervo.estadao.com.br/procura/busca.php?&busca=Carlos+Nascimento&decade=2010%7C2010&page=375
estadao,Carlos Fernando da Costa Almeida de Paiva Nascimento,Carlos+Nascimento,375,"01/09/2017, SEXTA-FEIRA, PÁGINA c8",https://acervo.estadao.com.br/pagina/#!/20170901-45244-nac-39-cd2-c8-not/busca/nascimento,https://acervo.estadao.com.br/procura/busca.php?&busca=Carlos+Nascimento&decade=2010%7C2010&page=375
estadao,Carlos Fernando da Costa Almeida de Paiva Nascimento,Carlos+Nascimento,375,"01/09/2017, SEXTA-FEIRA, PÁGINA q46",https://acervo.estadao.com.br/pagina/#!/20170901-45244-nac-101-gui-q46-not/busca/Nascimento,https://acervo.estadao.com.br/procura/busca.php?&busca=Carlos+Nascimento&decade=2010%7C2010&page=375
estadao,Carlos Fernando da Costa Almeida de Paiva Nascimento,Carlos+Nascimento,376,"07/11/2010, DOMINGO, PÁGINA a14",https://acervo.estadao.com.br/pagina/#!/20101107-42754-spo-13-pol-a14-not/busca/Nascimento,https://acervo.estadao.com.br/procura/busca.php?&busca=Carlos+Nascimento&decade=2010%7C2010&page=376
estadao,Carlos Fernando da Costa Almeida de Paiva Nascimento,Carlos+Nascimento,376,"11/11/2010, QUINTA-FEIRA, PÁGINA a10",https://acervo.estadao.com.br/pagina/#!/20101111-42758-nac-10-pol-a10-not/busca/Nascimento,https://acervo.estadao.com.br/procura/busca.php?&busca=Carlos+Nascimento&decade=2010%7C2010&page=376
estadao,Carlos Fernando da Costa Almeida de Paiva Nascimento,Carlos+Nascimento,376,"04/01/2010, SEGUNDA-FEIRA, PÁGINA d7",https://acervo.estadao.com.br/pagina/#!/20100104-42447-spo-35-cd2-d7-not/busca/nascimento,https://acervo.estadao.com.br/procura/busca.php?&busca=Carlos+Nascimento&decade=2010%7C2010&page=376
estadao,Carlos Fernando da Costa Almeida de Paiva Nascimento,Carlos+Nascimento,376,"09/09/2010, QUINTA-FEIRA, PÁGINA d7",https://acervo.estadao.com.br/pagina/#!/20100909-42695-nac-79-cd2-d7-not/busca/Nascimento,https://acervo.estadao.com.br/procura/busca.php?&busca=Carlos+Nascimento&decade=2010%7C2010&page=376
estadao,Carlos Fernando da Costa Almeida de Paiva Nascimento,Carlos+Nascimento,376,"21/09/2010, TERÇA-FEIRA, PÁGINA c4",https://acervo.estadao.com.br/pagina/#!/20100921-42707-spo-40-cid-c4-not/busca/Nascimento,https://acervo.estadao.com.br/procura/busca.php?&busca=Carlos+Nascimento&decade=2010%7C2010&page=376
estadao,Carlos Fernando da Costa Almeida de Paiva Nascimento,Carlos+Nascimento,376,"21/09/2010, TERÇA-FEIRA, PÁGINA tams6",https://acervo.estadao.com.br/pagina/#!/20100921-42707-spo-74-epl-tams6-not/busca/nascimento,https://acervo.estadao.com.br/procura/busca.php?&busca=Carlos+Nascimento&decade=2010%7C2010&page=376
estadao,Carlos Fernando da Costa Almeida de Paiva Nascimento,Carlos+Nascimento,376,"28/09/2010, TERÇA-FEIRA, PÁGINA h16",https://acervo.estadao.com.br/pagina/#!/20100928-42714-spo-71-epl-h16-not/busca/Nascimento,https://acervo.estadao.com.br/procura/busca.php?&busca=Carlos+Nascimento&decade=2010%7C2010&page=376
estadao,Carlos Fernando da Costa Almeida de Paiva Nascimento,Carlos+Nascimento,376,"04/09/2010, SÁBADO, PÁGINA d14",https://acervo.estadao.com.br/pagina/#!/20100904-42690-nac-82-cd2-d14-not/busca/Nascimento,https://acervo.estadao.com.br/procura/busca.php?&busca=Carlos+Nascimento&decade=2010%7C2010&page=376
estadao,Carlos Fernando da Costa Almeida de Paiva Nascimento,Carlos+Nascimento,376,"02/05/2010, DOMINGO, PÁGINA ce3",https://acervo.estadao.com.br/pagina/#!/20100502-42565-spo-77-emp-ce3-not/busca/Nascimento,https://acervo.estadao.com.br/procura/busca.php?&busca=Carlos+Nascimento&decade=2010%7C2010&page=376
estadao,Carlos Fernando da Costa Almeida de Paiva Nascimento,Carlos+Nascimento,376,"18/05/2010, TERÇA-FEIRA, PÁGINA espu2",https://acervo.estadao.com.br/pagina/#!/20100518-42581-spo-62-epl-espu2-not/busca/nascimento,https://acervo.estadao.com.br/procura/busca.php?&busca=Carlos+Nascimento&decade=2010%7C2010&page=376
estadao,Carlos Fernando da Costa Almeida de Paiva Nascimento,Carlos+Nascimento,377,"22/06/2018, SEXTA-FEIRA, PÁGINA q38",https://acervo.estadao.com.br/pagina/#!/20180622-45538-spo-80-gui-q38-not/busca/nascimento,https://acervo.estadao.com.br/procura/busca.php?&busca=Carlos+Nascimento&decade=2010%7C2010&page=377
estadao,Carlos Fernando da Costa Almeida de Paiva Nascimento,Carlos+Nascimento,377,"09/12/2010, QUINTA-FEIRA, PÁGINA tams4",https://acervo.estadao.com.br/pagina/#!/20101209-42786-spo-124-epl-tams4-not/busca/Nascimento,https://acervo.estadao.com.br/procura/busca.php?&busca=Carlos+Nascimento&decade=2010%7C2010&page=377
estadao,Carlos Fernando da Costa Almeida de Paiva Nascimento,Carlos+Nascimento,377,"09/12/2010, QUINTA-FEIRA, PÁGINA tam4",https://acervo.estadao.com.br/pagina/#!/20101209-42786-nac-114-epl-tam4-not/busca/Nascimento,https://acervo.estadao.com.br/procura/busca.php?&busca=Carlos+Nascimento&decade=2010%7C2010&page=377
estadao,Carlos Fernando da Costa Almeida de Paiva Nascimento,Carlos+Nascimento,377,"09/12/2010, QUINTA-FEIRA, PÁGINA tams4",https://acervo.estadao.com.br/pagina/#!/20101209-42786-nac-122-epl-tams4-not/busca/Nascimento,https://acervo.estadao.com.br/procura/busca.php?&busca=Carlos+Nascimento&decade=2010%7C2010&page=377
estadao,Carlos Fernando da Costa Almeida de Paiva Nascimento,Carlos+Nascimento,377,"02/12/2010, QUINTA-FEIRA, PÁGINA d10",https://acervo.estadao.com.br/pagina/#!/20101202-42779-spo-99-cd2-d10-not/busca/nascimento,https://acervo.estadao.com.br/procura/busca.php?&busca=Carlos+Nascimento&decade=2010%7C2010&page=377
estadao,Carlos Fernando da Costa Almeida de Paiva Nascimento,Carlos+Nascimento,377,"02/12/2010, QUINTA-FEIRA, PÁGINA d10",https://acervo.estadao.com.br/pagina/#!/20101202-42779-nac-97-cd2-d10-not/busca/nascimento,https://acervo.estadao.com.br/procura/busca.php?&busca=Carlos+Nascimento&decade=2010%7C2010&page=377
estadao,Carlos Fernando da Costa Almeida de Paiva Nascimento,Carlos+Nascimento,377,"11/12/2010, SÁBADO, PÁGINA a10",https://acervo.estadao.com.br/pagina/#!/20101211-42788-spo-10-pol-a10-not/busca/Nascimento,https://acervo.estadao.com.br/procura/busca.php?&busca=Carlos+Nascimento&decade=2010%7C2010&page=377
estadao,Carlos Fernando da Costa Almeida de Paiva Nascimento,Carlos+Nascimento,377,"11/12/2010, SÁBADO, PÁGINA d4",https://acervo.estadao.com.br/pagina/#!/20101211-42788-spo-121-cd2-d4-not/busca/Nascimento,https://acervo.estadao.com.br/procura/busca.php?&busca=Carlos+Nascimento&decade=2010%7C2010&page=377
estadao,Carlos Fernando da Costa Almeida de Paiva Nascimento,Carlos+Nascimento,377,"11/12/2010, SÁBADO, PÁGINA d4",https://acervo.estadao.com.br/pagina/#!/20101211-42788-nac-121-cd2-d4-not/busca/Nascimento,https://acervo.estadao.com.br/procura/busca.php?&busca=Carlos+Nascimento&decade=2010%7C2010&page=377
estadao,Carlos Fernando da Costa Almeida de Paiva Nascimento,Carlos+Nascimento,378,"05/10/2010, TERÇA-FEIRA, PÁGINA tams8",https://acervo.estadao.com.br/pagina/#!/20101005-42721-spo-95-epl-tams8-not/busca/nascimento,https://acervo.estadao.com.br/procura/busca.php?&busca=Carlos+Nascimento&decade=2010%7C2010&page=378
estadao,Carlos Fernando da Costa Almeida de Paiva Nascimento,Carlos+Nascimento,378,"13/10/2010, QUARTA-FEIRA, PÁGINA d5",https://acervo.estadao.com.br/pagina/#!/20101013-42729-spo-45-cd2-d5-not/busca/Nascimento,https://acervo.estadao.com.br/procura/busca.php?&busca=Carlos+Nascimento&decade=2010%7C2010&page=378
estadao,Carlos Fernando da Costa Almeida de Paiva Nascimento,Carlos+Nascimento,378,"02/10/2010, SÁBADO, PÁGINA d4",https://acervo.estadao.com.br/pagina/#!/20101002-42718-spo-111-cd2-d4-not/busca/Nascimento,https://acervo.estadao.com.br/procura/busca.php?&busca=Carlos+Nascimento&decade=2010%7C2010&page=378
estadao,Carlos Fernando da Costa Almeida de Paiva Nascimento,Carlos+Nascimento,378,"07/10/2010, QUINTA-FEIRA, PÁGINA co1",https://acervo.estadao.com.br/pagina/#!/20101007-42723-spo-82-opr-co1-not/busca/Nascimento,https://acervo.estadao.com.br/procura/busca.php?&busca=Carlos+Nascimento&decade=2010%7C2010&page=378
estadao,Carlos Fernando da Costa Almeida de Paiva Nascimento,Carlos+Nascimento,378,"06/10/2010, QUARTA-FEIRA, PÁGINA tam7",https://acervo.estadao.com.br/pagina/#!/20101006-42722-spo-85-epl-tam7-not/busca/nascimento,https://acervo.estadao.com.br/procura/busca.php?&busca=Carlos+Nascimento&decade=2010%7C2010&page=378
estadao,Carlos Fernando da Costa Almeida de Paiva Nascimento,Carlos+Nascimento,378,"06/10/2010, QUARTA-FEIRA, PÁGINA tams7",https://acervo.estadao.com.br/pagina/#!/20101006-42722-spo-93-epl-tams7-not/busca/nascimento,https://acervo.estadao.com.br/procura/busca.php?&busca=Carlos+Nascimento&decade=2010%7C2010&page=378
estadao,Carlos Fernando da Costa Almeida de Paiva Nascimento,Carlos+Nascimento,378,"06/10/2010, QUARTA-FEIRA, PÁGINA a19",https://acervo.estadao.com.br/pagina/#!/20101006-42722-spo-19-pol-a19-not/busca/NASCIMENTO,https://acervo.estadao.com.br/procura/busca.php?&busca=Carlos+Nascimento&decade=2010%7C2010&page=378
